0.0236049
0.0235573
0.0235136
0.0234725
0.0234337
0.0233964
0.0233606
0.0233260
0.0232925
0.0232599
0.0232281
0.0231970
0.0231666
0.0231367
0.0231073
0.0230785
0.0230503
0.0230226
0.0229955
0.0229686
0.0229420
0.0229158
0.0228900
0.0228645
0.0228394
0.0228147
0.0227902
0.0227657
0.0227416
0.0227178
0.0226939
0.0226702
0.0226467
0.0226233
0.0226002
0.0225774
0.0225547
0.0225323
0.0225100
0.0224881
0.0224663
0.0224446
0.0224231
0.0224017
0.0223805
0.0223595
0.0223386
0.0223181
0.0222977
0.0222774
0.0222572
0.0222374
0.0222175
0.0221978
0.0221783
0.0221590
0.0221395
0.0221203
0.0221011
0.0220818
0.0220626
0.0220439
0.0220255
0.0220069
0.0219884
0.0219700
0.0219516
0.0219332
0.0219151
0.0218970
0.0218788
0.0218606
0.0218425
0.0218246
0.0218068
0.0217892
0.0217714
0.0217537
0.0217362
0.0217188
0.0217015
0.0216842
0.0216669
0.0216498
0.0216328
0.0216158
0.0215991
0.0215825
0.0215659
0.0215495
0.0215331
0.0215168
0.0215010
0.0214851
0.0214691
0.0214528
0.0214365
0.0214201
0.0214038
0.0213874
0.0213714
0.0213557
0.0213398
0.0213239
0.0213081
0.0212921
0.0212763
0.0212603
0.0212444
0.0212285
0.0212128
0.0211972
0.0211815
0.0211661
0.0211507
0.0211357
0.0211207
0.0211055
0.0210905
0.0210756
0.0210608
0.0210458
0.0210310
0.0210160
0.0210011
0.0209863
0.0209716
0.0209570
0.0209424
0.0209276
0.0209129
0.0208983
0.0208836
0.0208690
0.0208547
0.0208402
0.0208259
0.0208117
0.0207975
0.0207831
0.0207688
0.0207543
0.0207400
0.0207258
0.0207114
0.0206972
0.0206829
0.0206687
0.0206543
0.0206401
0.0206261
0.0206119
0.0205980
0.0205840
0.0205701
0.0205563
0.0205425
0.0205290
0.0205153
0.0205015
0.0204877
0.0204741
0.0204605
0.0204468
0.0204333
0.0204196
0.0204056
0.0203917
0.0203776
0.0203635
0.0203495
0.0203353
0.0203210
0.0203067
0.0202923
0.0202778
0.0202632
0.0202487
0.0202341
0.0202194
0.0202048
0.0201902
0.0201756
0.0201611
0.0201465
0.0201317
0.0201171
0.0201025
0.0200879
0.0200734
0.0200588
0.0200440
0.0200291
0.0200143
0.0199995
0.0199847
0.0199702
0.0199557
0.0199413
0.0199272
0.0199130
0.0198987
0.0198846
0.0198707
0.0198570
0.0198433
0.0198296
0.0198161
0.0198025
0.0197890
0.0197755
0.0197618
0.0197482
0.0197350
0.0197218
0.0197087
0.0196957
0.0196826
0.0196695
0.0196563
0.0196430
0.0196297
0.0196166
0.0196035
0.0195903
0.0195771
0.0195640
0.0195510
0.0195378
0.0195247
0.0195115
0.0194983
0.0194850
0.0194715
0.0194580
0.0194446
0.0194311
0.0194176
0.0194042
0.0193909
0.0193777
0.0193645
0.0193515
0.0193384
0.0193250
0.0193117
0.0192986
0.0192855
0.0192723
0.0192590
0.0192460
0.0192330
0.0192198
0.0192070
0.0191940
0.0191810
0.0191680
0.0191549
0.0191419
0.0191290
0.0191161
0.0191034
0.0190910
0.0190785
0.0190660
0.0190536
0.0190412
0.0190289
0.0190165
0.0190043
0.0189920
0.0189796
0.0189674
0.0189552
0.0189431
0.0189310
0.0189189
0.0189069
0.0188948
0.0188831
0.0188711
0.0188593
0.0188475
0.0188357
0.0188240
0.0188123
0.0188005
0.0187887
0.0187768
0.0187650
0.0187532
0.0187414
0.0187294
0.0187173
0.0187051
0.0186927
0.0186806
0.0186685
0.0186564
0.0186444
0.0186323
0.0186203
0.0186084
0.0185965
0.0185846
0.0185728
0.0185609
0.0185490
0.0185374
0.0185257
0.0185141
0.0185026
0.0184912
0.0184798
0.0184684
0.0184570
0.0184456
0.0184342
0.0184228
0.0184115
0.0184002
0.0183889
0.0183777
0.0183665
0.0183553
0.0183438
0.0183326
0.0183214
0.0183102
0.0182989
0.0182874
0.0182761
0.0182649
0.0182538
0.0182429
0.0182316
0.0182203
0.0182090
0.0181978
0.0181866
0.0181755
0.0181644
0.0181532
0.0181419
0.0181308
0.0181197
0.0181087
0.0180978
0.0180867
0.0180756
0.0180644
0.0180534
0.0180424
0.0180312
0.0180203
0.0180095
0.0179986
0.0179879
0.0179773
0.0179665
0.0179557
0.0179448
0.0179340
0.0179231
0.0179123
0.0179016
0.0178909
0.0178805
0.0178701
0.0178599
0.0178497
0.0178395
0.0178295
0.0178194
0.0178090
0.0177986
0.0177883
0.0177780
0.0177677
0.0177574
0.0177471
0.0177369
0.0177268
0.0177165
0.0177060
0.0176956
0.0176853
0.0176749
0.0176646
0.0176540
0.0176434
0.0176324
0.0176217
0.0176110
0.0176002
0.0175892
0.0175781
0.0175670
0.0175559
0.0175450
0.0175341
0.0175234
0.0175127
0.0175023
0.0174918
0.0174811
0.0174705
0.0174598
0.0174489
0.0174381
0.0174272
0.0174165
0.0174060
0.0173954
0.0173849
0.0173745
0.0173641
0.0173537
0.0173430
0.0173324
0.0173220
0.0173116
0.0173014
0.0172911
0.0172806
0.0172702
0.0172599
0.0172494
0.0172391
0.0172288
0.0172185
0.0172082
0.0171979
0.0171874
0.0171773
0.0171673
0.0171573
0.0171472
0.0171371
0.0171271
0.0171173
0.0171074
0.0170976
0.0170878
0.0170779
0.0170682
0.0170583
0.0170484
0.0170384
0.0170283
0.0170182
0.0170082
0.0169982
0.0169883
0.0169784
0.0169685
0.0169586
0.0169485
0.0169384
0.0169283
0.0169182
0.0169082
0.0168981
0.0168877
0.0168777
0.0168679
0.0168580
0.0168483
0.0168386
0.0168288
0.0168189
0.0168091
0.0167993
0.0167893
0.0167793
0.0167693
0.0167595
0.0167497
0.0167399
0.0167301
0.0167202
0.0167101
0.0167001
0.0166898
0.0166797
0.0166696
0.0166596
0.0166497
0.0166399
0.0166303
0.0166208
0.0166114
0.0166020
0.0165927
0.0165832
0.0165739
0.0165648
0.0165559
0.0165469
0.0165381
0.0165291
0.0165200
0.0165111
0.0165021
0.0164932
0.0164842
0.0164752
0.0164661
0.0164571
0.0164485
0.0164398
0.0164309
0.0164219
0.0164131
0.0164042
0.0163954
0.0163867
0.0163781
0.0163694
0.0163606
0.0163517
0.0163430
0.0163342
0.0163252
0.0163165
0.0163077
0.0162990
0.0162903
0.0162815
0.0162726
0.0162636
0.0162547
0.0162460
0.0162374
0.0162287
0.0162198
0.0162110
0.0162020
0.0161930
0.0161842
0.0161754
0.0161664
0.0161573
0.0161484
0.0161397
0.0161311
0.0161225
0.0161140
0.0161054
0.0160969
0.0160882
0.0160798
0.0160715
0.0160634
0.0160552
0.0160473
0.0160394
0.0160315
0.0160238
0.0160158
0.0160080
0.0160001
0.0159922
0.0159843
0.0159764
0.0159685
0.0159608
0.0159532
0.0159455
0.0159377
0.0159297
0.0159218
0.0159141
0.0159065
0.0158987
0.0158910
0.0158833
0.0158756
0.0158678
0.0158599
0.0158519
0.0158439
0.0158359
0.0158278
0.0158197
0.0158117
0.0158037
0.0157957
0.0157875
0.0157796
0.0157718
0.0157641
0.0157564
0.0157486
0.0157407
0.0157329
0.0157250
0.0157174
0.0157099
0.0157023
0.0156947
0.0156871
0.0156795
0.0156719
0.0156643
0.0156568
0.0156490
0.0156413
0.0156335
0.0156257
0.0156179
0.0156099
0.0156020
0.0155942
0.0155866
0.0155789
0.0155711
0.0155632
0.0155554
0.0155476
0.0155399
0.0155322
0.0155246
0.0155171
0.0155096
0.0155023
0.0154952
0.0154879
0.0154805
0.0154732
0.0154660
0.0154585
0.0154512
0.0154437
0.0154364
0.0154289
0.0154214
0.0154139
0.0154064
0.0153990
0.0153916
0.0153843
0.0153770
0.0153696
0.0153623
0.0153548
0.0153475
0.0153404
0.0153332
0.0153261
0.0153189
0.0153117
0.0153048
0.0152978
0.0152908
0.0152839
0.0152769
0.0152697
0.0152627
0.0152557
0.0152488
0.0152416
0.0152343
0.0152271
0.0152196
0.0152121
0.0152047
0.0151972
0.0151898
0.0151825
0.0151754
0.0151681
0.0151607
0.0151534
0.0151460
0.0151389
0.0151317
0.0151246
0.0151174
0.0151099
0.0151024
0.0150952
0.0150877
0.0150801
0.0150725
0.0150648
0.0150573
0.0150499
0.0150423
0.0150348
0.0150273
0.0150198
0.0150124
0.0150048
0.0149973
0.0149896
0.0149818
0.0149740
0.0149664
0.0149586
0.0149508
0.0149431
0.0149354
0.0149277
0.0149201
0.0149124
0.0149050
0.0148975
0.0148900
0.0148826
0.0148754
0.0148681
0.0148610
0.0148539
0.0148466
0.0148395
0.0148324
0.0148252
0.0148178
0.0148104
0.0148027
0.0147951
0.0147875
0.0147798
0.0147721
0.0147645
0.0147572
0.0147497
0.0147425
0.0147353
0.0147280
0.0147209
0.0147137
0.0147063
0.0146988
0.0146915
0.0146843
0.0146771
0.0146700
0.0146628
0.0146555
0.0146482
0.0146408
0.0146333
0.0146260
0.0146186
0.0146111
0.0146036
0.0145962
0.0145889
0.0145813
0.0145735
0.0145660
0.0145582
0.0145503
0.0145425
0.0145348
0.0145271
0.0145194
0.0145115
0.0145037
0.0144960
0.0144882
0.0144806
0.0144730
0.0144654
0.0144580
0.0144507
0.0144434
0.0144360
0.0144287
0.0144214
0.0144143
0.0144072
0.0144003
0.0143934
0.0143865
0.0143797
0.0143728
0.0143658
0.0143585
0.0143515
0.0143444
0.0143372
0.0143297
0.0143225
0.0143152
0.0143078
0.0143004
0.0142929
0.0142854
0.0142780
0.0142706
0.0142632
0.0142555
0.0142481
0.0142407
0.0142333
0.0142261
0.0142187
0.0142113
0.0142040
0.0141968
0.0141897
0.0141827
0.0141758
0.0141689
0.0141621
0.0141552
0.0141481
0.0141410
0.0141340
0.0141270
0.0141200
0.0141128
0.0141056
0.0140985
0.0140915
0.0140843
0.0140770
0.0140696
0.0140620
0.0140544
0.0140469
0.0140397
0.0140321
0.0140247
0.0140173
0.0140099
0.0140026
0.0139955
0.0139882
0.0139812
0.0139742
0.0139672
0.0139602
0.0139531
0.0139458
0.0139387
0.0139315
0.0139243
0.0139172
0.0139098
0.0139024
0.0138950
0.0138879
0.0138809
0.0138741
0.0138672
0.0138602
0.0138535
0.0138467
0.0138398
0.0138327
0.0138258
0.0138190
0.0138121
0.0138051
0.0137980
0.0137910
0.0137841
0.0137772
0.0137703
0.0137635
0.0137567
0.0137502
0.0137439
0.0137375
0.0137307
0.0137242
0.0137175
0.0137107
0.0137040
0.0136973
0.0136906
0.0136840
0.0136774
0.0136709
0.0136646
0.0136585
0.0136522
0.0136458
0.0136393
0.0136330
0.0136265
0.0136201
0.0136136
0.0136070
0.0136006
0.0135938
0.0135873
0.0135809
0.0135743
0.0135675
0.0135608
0.0135538
0.0135469
0.0135401
0.0135335
0.0135268
0.0135200
0.0135135
0.0135069
0.0135001
0.0134930
0.0134862
0.0134795
0.0134729
0.0134663
0.0134597
0.0134531
0.0134467
0.0134405
0.0134346
0.0134287
0.0134224
0.0134162
0.0134099
0.0134035
0.0133972
0.0133911
0.0133849
0.0133785
0.0133721
0.0133656
0.0133589
0.0133525
0.0133461
0.0133396
0.0133331
0.0133266
0.0133204
0.0133141
0.0133079
0.0133016
0.0132953
0.0132890
0.0132825
0.0132762
0.0132699
0.0132636
0.0132575
0.0132512
0.0132449
0.0132390
0.0132330
0.0132270
0.0132211
0.0132150
0.0132091
0.0132031
0.0131971
0.0131909
0.0131847
0.0131786
0.0131726
0.0131666
0.0131604
0.0131541
0.0131478
0.0131416
0.0131353
0.0131289
0.0131224
0.0131160
0.0131095
0.0131033
0.0130970
0.0130906
0.0130842
0.0130780
0.0130718
0.0130654
0.0130588
0.0130523
0.0130455
0.0130390
0.0130325
0.0130258
0.0130190
0.0130123
0.0130059
0.0129996
0.0129933
0.0129872
0.0129811
0.0129750
0.0129689
0.0129629
0.0129570
0.0129510
0.0129452
0.0129394
0.0129335
0.0129275
0.0129216
0.0129157
0.0129098
0.0129039
0.0128981
0.0128924
0.0128869
0.0128811
0.0128755
0.0128701
0.0128646
0.0128590
0.0128537
0.0128483
0.0128428
0.0128373
0.0128318
0.0128263
0.0128209
0.0128155
0.0128102
0.0128050
0.0127999
0.0127947
0.0127896
0.0127843
0.0127792
0.0127740
0.0127690
0.0127636
0.0127583
0.0127530
0.0127478
0.0127426
0.0127373
0.0127318
0.0127265
0.0127210
0.0127153
0.0127099
0.0127042
0.0126986
0.0126928
0.0126870
0.0126813
0.0126758
0.0126701
0.0126647
0.0126591
0.0126537
0.0126481
0.0126426
0.0126370
0.0126317
0.0126265
0.0126216
0.0126168
0.0126117
0.0126066
0.0126016
0.0125964
0.0125913
0.0125861
0.0125808
0.0125755
0.0125702
0.0125647
0.0125591
0.0125535
0.0125480
0.0125426
0.0125371
0.0125315
0.0125260
0.0125206
0.0125151
0.0125095
0.0125043
0.0124989
0.0124932
0.0124877
0.0124819
0.0124761
0.0124704
0.0124646
0.0124590
0.0124533
0.0124478
0.0124426
0.0124374
0.0124321
0.0124268
0.0124216
0.0124165
0.0124113
0.0124062
0.0124009
0.0123957
0.0123907
0.0123857
0.0123807
0.0123759
0.0123713
0.0123665
0.0123618
0.0123571
0.0123523
0.0123475
0.0123424
0.0123375
0.0123325
0.0123273
0.0123221
0.0123169
0.0123117
0.0123067
0.0123014
0.0122962
0.0122907
0.0122854
0.0122801
0.0122748
0.0122695
0.0122640
0.0122588
0.0122534
0.0122479
0.0122424
0.0122369
0.0122317
0.0122266
0.0122214
0.0122162
0.0122112
0.0122059
0.0122007
0.0121954
0.0121899
0.0121844
0.0121788
0.0121733
0.0121678
0.0121622
0.0121567
0.0121512
0.0121456
0.0121399
0.0121341
0.0121286
0.0121232
0.0121178
0.0121126
0.0121073
0.0121020
0.0120967
0.0120915
0.0120864
0.0120809
0.0120756
0.0120702
0.0120648
0.0120594
0.0120540
0.0120487
0.0120433
0.0120379
0.0120324
0.0120273
0.0120221
0.0120171
0.0120120
0.0120072
0.0120023
0.0119973
0.0119922
0.0119870
0.0119819
0.0119766
0.0119712
0.0119659
0.0119607
0.0119556
0.0119505
0.0119454
0.0119402
0.0119350
0.0119297
0.0119243
0.0119189
0.0119135
0.0119082
0.0119029
0.0118975
0.0118922
0.0118869
0.0118814
0.0118762
0.0118709
0.0118656
0.0118603
0.0118550
0.0118499
0.0118446
0.0118394
0.0118341
0.0118289
0.0118236
0.0118185
0.0118133
0.0118080
0.0118026
0.0117971
0.0117913
0.0117853
0.0117792
0.0117733
0.0117673
0.0117614
0.0117556
0.0117498
0.0117441
0.0117381
0.0117322
0.0117261
0.0117201
0.0117142
0.0117083
0.0117023
0.0116961
0.0116901
0.0116841
0.0116783
0.0116723
0.0116663
0.0116604
0.0116545
0.0116486
0.0116426
0.0116365
0.0116303
0.0116242
0.0116182
0.0116120
0.0116059
0.0115997
0.0115936
0.0115875
0.0115815
0.0115754
0.0115692
0.0115631
0.0115569
0.0115508
0.0115446
0.0115386
0.0115327
0.0115268
0.0115209
0.0115150
0.0115093
0.0115035
0.0114976
0.0114919
0.0114861
0.0114804
0.0114747
0.0114691
0.0114634
0.0114577
0.0114522
0.0114466
0.0114409
0.0114353
0.0114297
0.0114243
0.0114187
0.0114131
0.0114074
0.0114020
0.0113965
0.0113910
0.0113856
0.0113803
0.0113749
0.0113694
0.0113637
0.0113580
0.0113521
0.0113462
0.0113404
0.0113346
0.0113288
0.0113231
0.0113177
0.0113123
0.0113069
0.0113013
0.0112956
0.0112900
0.0112845
0.0112791
0.0112737
0.0112681
0.0112627
0.0112573
0.0112517
0.0112464
0.0112411
0.0112355
0.0112297
0.0112241
0.0112183
0.0112127
0.0112070
0.0112014
0.0111957
0.0111902
0.0111849
0.0111795
0.0111743
0.0111689
0.0111637
0.0111587
0.0111535
0.0111483
0.0111431
0.0111379
0.0111326
0.0111272
0.0111217
0.0111161
0.0111105
0.0111049
0.0110994
0.0110938
0.0110882
0.0110826
0.0110770
0.0110713
0.0110658
0.0110601
0.0110546
0.0110491
0.0110435
0.0110381
0.0110326
0.0110271
0.0110215
0.0110157
0.0110097
0.0110037
0.0109976
0.0109915
0.0109855
0.0109795
0.0109736
0.0109675
0.0109615
0.0109554
0.0109495
0.0109434
0.0109371
0.0109307
0.0109241
0.0109177
0.0109115
0.0109053
0.0108992
0.0108932
0.0108871
0.0108811
0.0108749
0.0108686
0.0108625
0.0108566
0.0108507
0.0108448
0.0108388
0.0108327
0.0108266
0.0108203
0.0108142
0.0108080
0.0108019
0.0107959
0.0107897
0.0107837
0.0107777
0.0107718
0.0107661
0.0107602
0.0107545
0.0107487
0.0107429
0.0107370
0.0107313
0.0107257
0.0107202
0.0107146
0.0107091
0.0107034
0.0106974
0.0106914
0.0106854
0.0106797
0.0106738
0.0106679
0.0106620
0.0106562
0.0106503
0.0106444
0.0106384
0.0106327
0.0106270
0.0106212
0.0106158
0.0106107
0.0106056
0.0106006
0.0105956
0.0105905
0.0105854
0.0105803
0.0105752
0.0105699
0.0105648
0.0105595
0.0105543
0.0105490
0.0105438
0.0105386
0.0105338
0.0105292
0.0105246
0.0105196
0.0105146
0.0105098
0.0105052
0.0105004
0.0104957
0.0104910
0.0104863
0.0104817
0.0104770
0.0104724
0.0104678
0.0104631
0.0104583
0.0104537
0.0104491
0.0104444
0.0104397
0.0104352
0.0104303
0.0104254
0.0104206
0.0104157
0.0104107
0.0104057
0.0104002
0.0103947
0.0103893
0.0103837
0.0103779
0.0103725
0.0103670
0.0103613
0.0103555
0.0103497
0.0103439
0.0103382
0.0103324
0.0103266
0.0103208
0.0103149
0.0103093
0.0103035
0.0102976
0.0102921
0.0102867
0.0102814
0.0102762
0.0102711
0.0102662
0.0102613
0.0102567
0.0102522
0.0102479
0.0102433
0.0102387
0.0102342
0.0102297
0.0102250
0.0102205
0.0102157
0.0102109
0.0102062
0.0102015
0.0101968
0.0101921
0.0101877
0.0101831
0.0101787
0.0101740
0.0101693
0.0101648
0.0101602
0.0101553
0.0101502
0.0101453
0.0101404
0.0101358
0.0101312
0.0101264
0.0101217
0.0101170
0.0101122
0.0101074
0.0101026
0.0100979
0.0100929
0.0100882
0.0100832
0.0100783
0.0100732
0.0100681
0.0100629
0.0100577
0.0100524
0.0100474
0.0100425
0.0100375
0.0100325
0.0100275
0.0100225
0.0100176
0.0100126
0.0100075
0.0100027
0.0099978
0.0099930
0.0099880
0.0099829
0.0099778
0.0099726
0.0099675
0.0099625
0.0099575
0.0099525
0.0099475
0.0099425
0.0099375
0.0099327
0.0099279
0.0099230
0.0099180
0.0099130
0.0099081
0.0099031
0.0098981
0.0098929
0.0098878
0.0098828
0.0098776
0.0098724
0.0098676
0.0098625
0.0098573
0.0098521
0.0098470
0.0098419
0.0098367
0.0098316
0.0098265
0.0098212
0.0098161
0.0098109
0.0098057
0.0098006
0.0097955
0.0097906
0.0097854
0.0097804
0.0097753
0.0097703
0.0097652
0.0097602
0.0097552
0.0097501
0.0097450
0.0097398
0.0097345
0.0097292
0.0097239
0.0097189
0.0097140
0.0097094
0.0097050
0.0097005
0.0096956
0.0096908
0.0096861
0.0096816
0.0096771
0.0096723
0.0096676
0.0096630
0.0096584
0.0096538
0.0096494
0.0096450
0.0096407
0.0096363
0.0096319
0.0096273
0.0096227
0.0096184
0.0096143
0.0096100
0.0096059
0.0096020
0.0095980
0.0095938
0.0095899
0.0095861
0.0095822
0.0095782
0.0095739
0.0095698
0.0095655
0.0095615
0.0095573
0.0095530
0.0095490
0.0095451
0.0095409
0.0095369
0.0095328
0.0095287
0.0095248
0.0095207
0.0095167
0.0095127
0.0095088
0.0095049
0.0095008
0.0094967
0.0094926
0.0094885
0.0094843
0.0094803
0.0094762
0.0094721
0.0094681
0.0094640
0.0094598
0.0094558
0.0094520
0.0094479
0.0094437
0.0094394
0.0094352
0.0094309
0.0094268
0.0094227
0.0094187
0.0094150
0.0094113
0.0094077
0.0094039
0.0094002
0.0093964
0.0093926
0.0093888
0.0093849
0.0093810
0.0093771
0.0093729
0.0093687
0.0093647
0.0093608
0.0093569
0.0093533
0.0093496
0.0093458
0.0093421
0.0093385
0.0093349
0.0093307
0.0093266
0.0093224
0.0093183
0.0093142
0.0093102
0.0093062
0.0093021
0.0092982
0.0092940
0.0092898
0.0092857
0.0092815
0.0092773
0.0092729
0.0092684
0.0092641
0.0092599
0.0092557
0.0092515
0.0092473
0.0092432
0.0092391
0.0092348
0.0092307
0.0092266
0.0092226
0.0092186
0.0092147
0.0092107
0.0092069
0.0092029
0.0091987
0.0091947
0.0091906
0.0091864
0.0091823
0.0091781
0.0091739
0.0091697
0.0091656
0.0091614
0.0091573
0.0091533
0.0091495
0.0091457
0.0091417
0.0091376
0.0091335
0.0091295
0.0091253
0.0091211
0.0091170
0.0091128
0.0091089
0.0091051
0.0091016
0.0090983
0.0090950
0.0090919
0.0090886
0.0090853
0.0090818
0.0090784
0.0090748
0.0090710
0.0090676
0.0090642
0.0090608
0.0090572
0.0090535
0.0090500
0.0090464
0.0090429
0.0090397
0.0090364
0.0090332
0.0090303
0.0090272
0.0090240
0.0090208
0.0090176
0.0090141
0.0090105
0.0090068
0.0090032
0.0089994
0.0089960
0.0089927
0.0089893
0.0089861
0.0089830
0.0089796
0.0089763
0.0089730
0.0089697
0.0089667
0.0089635
0.0089601
0.0089569
0.0089538
0.0089509
0.0089480
0.0089452
0.0089424
0.0089395
0.0089365
0.0089337
0.0089307
0.0089276
0.0089245
0.0089213
0.0089182
0.0089152
0.0089121
0.0089090
0.0089060
0.0089028
0.0088999
0.0088969
0.0088940
0.0088910
0.0088881
0.0088849
0.0088817
0.0088785
0.0088754
0.0088726
0.0088696
0.0088664
0.0088631
0.0088600
0.0088566
0.0088532
0.0088498
0.0088464
0.0088429
0.0088397
0.0088363
0.0088331
0.0088298
0.0088265
0.0088233
0.0088201
0.0088171
0.0088141
0.0088111
0.0088082
0.0088053
0.0088023
0.0087994
0.0087965
0.0087936
0.0087904
0.0087874
0.0087843
0.0087812
0.0087778
0.0087743
0.0087711
0.0087681
0.0087648
0.0087614
0.0087580
0.0087545
0.0087509
0.0087474
0.0087439
0.0087403
0.0087368
0.0087331
0.0087294
0.0087259
0.0087222
0.0087187
0.0087152
0.0087117
0.0087083
0.0087049
0.0087013
0.0086979
0.0086945
0.0086912
0.0086877
0.0086843
0.0086809
0.0086775
0.0086741
0.0086707
0.0086674
0.0086642
0.0086609
0.0086577
0.0086543
0.0086510
0.0086477
0.0086445
0.0086412
0.0086378
0.0086343
0.0086311
0.0086275
0.0086241
0.0086204
0.0086170
0.0086137
0.0086104
0.0086069
0.0086037
0.0086005
0.0085973
0.0085941
0.0085911
0.0085880
0.0085848
0.0085815
0.0085784
0.0085753
0.0085723
0.0085694
0.0085664
0.0085634
0.0085603
0.0085572
0.0085540
0.0085509
0.0085478
0.0085447
0.0085414
0.0085381
0.0085348
0.0085315
0.0085281
0.0085247
0.0085213
0.0085181
0.0085147
0.0085113
0.0085079
0.0085043
0.0085009
0.0084978
0.0084946
0.0084912
0.0084880
0.0084850
0.0084821
0.0084791
0.0084761
0.0084731
0.0084701
0.0084672
0.0084645
0.0084621
0.0084595
0.0084569
0.0084543
0.0084518
0.0084493
0.0084464
0.0084436
0.0084407
0.0084379
0.0084353
0.0084326
0.0084298
0.0084270
0.0084244
0.0084214
0.0084186
0.0084158
0.0084129
0.0084101
0.0084074
0.0084049
0.0084025
0.0084000
0.0083975
0.0083949
0.0083923
0.0083898
0.0083871
0.0083844
0.0083816
0.0083788
0.0083760
0.0083732
0.0083704
0.0083675
0.0083646
0.0083619
0.0083594
0.0083566
0.0083537
0.0083507
0.0083479
0.0083451
0.0083424
0.0083395
0.0083364
0.0083333
0.0083299
0.0083267
0.0083237
0.0083208
0.0083177
0.0083146
0.0083114
0.0083082
0.0083052
0.0083021
0.0082991
0.0082959
0.0082927
0.0082893
0.0082861
0.0082827
0.0082793
0.0082757
0.0082720
0.0082685
0.0082648
0.0082611
0.0082573
0.0082534
0.0082496
0.0082455
0.0082414
0.0082371
0.0082330
0.0082287
0.0082241
0.0082198
0.0082155
0.0082113
0.0082070
0.0082027
0.0081983
0.0081938
0.0081894
0.0081852
0.0081810
0.0081768
0.0081724
0.0081682
0.0081640
0.0081599
0.0081560
0.0081521
0.0081482
0.0081445
0.0081409
0.0081371
0.0081334
0.0081298
0.0081261
0.0081224
0.0081187
0.0081154
0.0081123
0.0081091
0.0081058
0.0081028
0.0080999
0.0080971
0.0080942
0.0080912
0.0080884
0.0080855
0.0080826
0.0080799
0.0080769
0.0080738
0.0080706
0.0080676
0.0080645
0.0080613
0.0080582
0.0080548
0.0080512
0.0080479
0.0080446
0.0080414
0.0080383
0.0080350
0.0080316
0.0080283
0.0080254
0.0080227
0.0080198
0.0080168
0.0080139
0.0080110
0.0080080
0.0080051
0.0080022
0.0079994
0.0079963
0.0079930
0.0079897
0.0079867
0.0079837
0.0079808
0.0079779
0.0079749
0.0079721
0.0079693
0.0079665
0.0079636
0.0079607
0.0079578
0.0079550
0.0079523
0.0079496
0.0079468
0.0079439
0.0079411
0.0079382
0.0079353
0.0079323
0.0079292
0.0079263
0.0079233
0.0079203
0.0079174
0.0079143
0.0079112
0.0079079
0.0079043
0.0079008
0.0078974
0.0078939
0.0078907
0.0078874
0.0078842
0.0078812
0.0078786
0.0078760
0.0078733
0.0078705
0.0078676
0.0078647
0.0078619
0.0078593
0.0078568
0.0078541
0.0078517
0.0078492
0.0078469
0.0078444
0.0078418
0.0078394
0.0078368
0.0078345
0.0078323
0.0078301
0.0078277
0.0078251
0.0078225
0.0078198
0.0078171
0.0078145
0.0078119
0.0078091
0.0078064
0.0078037
0.0078011
0.0077985
0.0077959
0.0077933
0.0077906
0.0077881
0.0077855
0.0077829
0.0077803
0.0077778
0.0077753
0.0077726
0.0077699
0.0077671
0.0077643
0.0077615
0.0077588
0.0077564
0.0077540
0.0077516
0.0077491
0.0077467
0.0077443
0.0077418
0.0077394
0.0077370
0.0077346
0.0077321
0.0077296
0.0077272
0.0077247
0.0077225
0.0077200
0.0077174
0.0077148
0.0077120
0.0077093
0.0077068
0.0077042
0.0077018
0.0076993
0.0076967
0.0076942
0.0076916
0.0076891
0.0076863
0.0076837
0.0076812
0.0076789
0.0076767
0.0076742
0.0076717
0.0076693
0.0076671
0.0076647
0.0076625
0.0076602
0.0076576
0.0076548
0.0076521
0.0076494
0.0076465
0.0076439
0.0076411
0.0076384
0.0076356
0.0076328
0.0076300
0.0076272
0.0076243
0.0076214
0.0076185
0.0076156
0.0076128
0.0076101
0.0076073
0.0076045
0.0076014
0.0075983
0.0075949
0.0075915
0.0075880
0.0075847
0.0075815
0.0075784
0.0075750
0.0075719
0.0075690
0.0075662
0.0075634
0.0075604
0.0075572
0.0075538
0.0075506
0.0075476
0.0075444
0.0075414
0.0075383
0.0075353
0.0075325
0.0075297
0.0075268
0.0075238
0.0075207
0.0075172
0.0075138
0.0075102
0.0075069
0.0075034
0.0074999
0.0074962
0.0074928
0.0074891
0.0074854
0.0074821
0.0074788
0.0074756
0.0074725
0.0074695
0.0074666
0.0074639
0.0074611
0.0074581
0.0074551
0.0074520
0.0074490
0.0074461
0.0074434
0.0074408
0.0074378
0.0074351
0.0074323
0.0074297
0.0074271
0.0074245
0.0074221
0.0074198
0.0074174
0.0074150
0.0074124
0.0074099
0.0074074
0.0074047
0.0074019
0.0073993
0.0073967
0.0073940
0.0073915
0.0073890
0.0073865
0.0073838
0.0073812
0.0073787
0.0073763
0.0073740
0.0073714
0.0073687
0.0073661
0.0073635
0.0073609
0.0073583
0.0073556
0.0073528
0.0073500
0.0073473
0.0073446
0.0073421
0.0073392
0.0073362
0.0073334
0.0073304
0.0073275
0.0073246
0.0073216
0.0073187
0.0073156
0.0073126
0.0073095
0.0073065
0.0073035
0.0073008
0.0072980
0.0072953
0.0072925
0.0072896
0.0072867
0.0072838
0.0072811
0.0072784
0.0072756
0.0072729
0.0072703
0.0072676
0.0072648
0.0072621
0.0072591
0.0072561
0.0072531
0.0072500
0.0072472
0.0072444
0.0072416
0.0072387
0.0072357
0.0072325
0.0072293
0.0072261
0.0072229
0.0072197
0.0072164
0.0072131
0.0072099
0.0072066
0.0072031
0.0071997
0.0071964
0.0071933
0.0071902
0.0071870
0.0071838
0.0071805
0.0071772
0.0071740
0.0071706
0.0071673
0.0071643
0.0071611
0.0071579
0.0071547
0.0071515
0.0071484
0.0071454
0.0071424
0.0071395
0.0071367
0.0071338
0.0071309
0.0071277
0.0071247
0.0071217
0.0071187
0.0071154
0.0071121
0.0071088
0.0071055
0.0071020
0.0070985
0.0070948
0.0070912
0.0070877
0.0070841
0.0070805
0.0070769
0.0070733
0.0070698
0.0070664
0.0070628
0.0070593
0.0070560
0.0070527
0.0070495
0.0070464
0.0070432
0.0070399
0.0070367
0.0070334
0.0070304
0.0070272
0.0070239
0.0070207
0.0070176
0.0070147
0.0070117
0.0070091
0.0070064
0.0070037
0.0070011
0.0069987
0.0069961
0.0069936
0.0069913
0.0069888
0.0069861
0.0069836
0.0069810
0.0069782
0.0069757
0.0069733
0.0069706
0.0069677
0.0069650
0.0069623
0.0069596
0.0069567
0.0069538
0.0069509
0.0069483
0.0069456
0.0069429
0.0069403
0.0069378
0.0069352
0.0069327
0.0069299
0.0069272
0.0069244
0.0069214
0.0069183
0.0069152
0.0069120
0.0069087
0.0069056
0.0069024
0.0068992
0.0068958
0.0068924
0.0068891
0.0068857
0.0068823
0.0068789
0.0068757
0.0068724
0.0068691
0.0068656
0.0068622
0.0068586
0.0068551
0.0068516
0.0068481
0.0068443
0.0068406
0.0068372
0.0068336
0.0068301
0.0068266
0.0068231
0.0068196
0.0068162
0.0068127
0.0068093
0.0068057
0.0068021
0.0067986
0.0067951
0.0067913
0.0067874
0.0067834
0.0067795
0.0067756
0.0067719
0.0067681
0.0067644
0.0067608
0.0067572
0.0067538
0.0067504
0.0067469
0.0067435
0.0067402
0.0067369
0.0067336
0.0067302
0.0067270
0.0067237
0.0067204
0.0067171
0.0067137
0.0067104
0.0067071
0.0067038
0.0067005
0.0066972
0.0066941
0.0066912
0.0066884
0.0066856
0.0066829
0.0066801
0.0066772
0.0066742
0.0066712
0.0066683
0.0066653
0.0066622
0.0066591
0.0066561
0.0066528
0.0066496
0.0066463
0.0066429
0.0066396
0.0066364
0.0066334
0.0066305
0.0066276
0.0066244
0.0066212
0.0066181
0.0066151
0.0066121
0.0066089
0.0066057
0.0066024
0.0065993
0.0065962
0.0065931
0.0065903
0.0065874
0.0065843
0.0065813
0.0065783
0.0065754
0.0065725
0.0065697
0.0065669
0.0065640
0.0065612
0.0065581
0.0065550
0.0065520
0.0065490
0.0065460
0.0065433
0.0065404
0.0065374
0.0065343
0.0065312
0.0065280
0.0065250
0.0065221
0.0065191
0.0065160
0.0065131
0.0065101
0.0065071
0.0065043
0.0065013
0.0064983
0.0064956
0.0064930
0.0064904
0.0064876
0.0064848
0.0064820
0.0064792
0.0064764
0.0064736
0.0064706
0.0064677
0.0064650
0.0064622
0.0064592
0.0064563
0.0064534
0.0064506
0.0064477
0.0064449
0.0064420
0.0064390
0.0064360
0.0064331
0.0064301
0.0064271
0.0064241
0.0064211
0.0064182
0.0064153
0.0064125
0.0064099
0.0064073
0.0064049
0.0064025
0.0064002
0.0063978
0.0063953
0.0063928
0.0063903
0.0063879
0.0063857
0.0063834
0.0063807
0.0063780
0.0063750
0.0063722
0.0063694
0.0063667
0.0063636
0.0063604
0.0063573
0.0063542
0.0063511
0.0063478
0.0063448
0.0063418
0.0063390
0.0063361
0.0063334
0.0063308
0.0063282
0.0063255
0.0063229
0.0063203
0.0063180
0.0063157
0.0063135
0.0063112
0.0063090
0.0063068
0.0063047
0.0063029
0.0063010
0.0062990
0.0062970
0.0062952
0.0062932
0.0062913
0.0062891
0.0062872
0.0062853
0.0062834
0.0062813
0.0062792
0.0062770
0.0062750
0.0062730
0.0062710
0.0062689
0.0062669
0.0062649
0.0062629
0.0062606
0.0062583
0.0062559
0.0062534
0.0062507
0.0062479
0.0062453
0.0062427
0.0062403
0.0062379
0.0062359
0.0062337
0.0062313
0.0062291
0.0062269
0.0062248
0.0062228
0.0062209
0.0062190
0.0062169
0.0062145
0.0062120
0.0062097
0.0062072
0.0062048
0.0062022
0.0061997
0.0061974
0.0061952
0.0061930
0.0061909
0.0061887
0.0061865
0.0061844
0.0061823
0.0061801
0.0061778
0.0061756
0.0061733
0.0061711
0.0061690
0.0061667
0.0061645
0.0061623
0.0061599
0.0061574
0.0061549
0.0061525
0.0061502
0.0061478
0.0061456
0.0061435
0.0061415
0.0061392
0.0061369
0.0061345
0.0061323
0.0061300
0.0061274
0.0061248
0.0061219
0.0061191
0.0061163
0.0061135
0.0061109
0.0061084
0.0061057
0.0061035
0.0061012
0.0060988
0.0060963
0.0060938
0.0060910
0.0060884
0.0060857
0.0060833
0.0060808
0.0060786
0.0060761
0.0060738
0.0060715
0.0060691
0.0060666
0.0060643
0.0060619
0.0060595
0.0060570
0.0060546
0.0060522
0.0060497
0.0060471
0.0060445
0.0060420
0.0060394
0.0060367
0.0060340
0.0060312
0.0060285
0.0060259
0.0060233
0.0060206
0.0060180
0.0060152
0.0060127
0.0060101
0.0060075
0.0060048
0.0060023
0.0060000
0.0059977
0.0059954
0.0059933
0.0059913
0.0059890
0.0059868
0.0059848
0.0059827
0.0059807
0.0059787
0.0059765
0.0059745
0.0059720
0.0059696
0.0059673
0.0059651
0.0059629
0.0059606
0.0059586
0.0059565
0.0059545
0.0059525
0.0059504
0.0059482
0.0059459
0.0059438
0.0059418
0.0059398
0.0059380
0.0059361
0.0059340
0.0059318
0.0059296
0.0059274
0.0059253
0.0059233
0.0059213
0.0059193
0.0059171
0.0059149
0.0059128
0.0059108
0.0059087
0.0059067
0.0059048
0.0059032
0.0059015
0.0058998
0.0058982
0.0058965
0.0058950
0.0058936
0.0058920
0.0058906
0.0058892
0.0058878
0.0058863
0.0058850
0.0058834
0.0058817
0.0058799
0.0058782
0.0058761
0.0058737
0.0058713
0.0058690
0.0058668
0.0058646
0.0058624
0.0058606
0.0058586
0.0058564
0.0058541
0.0058519
0.0058499
0.0058480
0.0058460
0.0058442
0.0058422
0.0058399
0.0058379
0.0058358
0.0058337
0.0058317
0.0058295
0.0058273
0.0058253
0.0058234
0.0058216
0.0058200
0.0058181
0.0058162
0.0058143
0.0058121
0.0058101
0.0058080
0.0058058
0.0058035
0.0058010
0.0057988
0.0057966
0.0057943
0.0057920
0.0057898
0.0057878
0.0057858
0.0057840
0.0057823
0.0057806
0.0057788
0.0057771
0.0057752
0.0057735
0.0057715
0.0057694
0.0057672
0.0057651
0.0057630
0.0057609
0.0057587
0.0057564
0.0057543
0.0057522
0.0057500
0.0057476
0.0057452
0.0057429
0.0057408
0.0057388
0.0057368
0.0057349
0.0057329
0.0057306
0.0057283
0.0057259
0.0057236
0.0057210
0.0057186
0.0057161
0.0057135
0.0057108
0.0057081
0.0057057
0.0057032
0.0057006
0.0056982
0.0056955
0.0056928
0.0056902
0.0056876
0.0056851
0.0056826
0.0056800
0.0056773
0.0056745
0.0056718
0.0056690
0.0056662
0.0056635
0.0056609
0.0056587
0.0056563
0.0056540
0.0056514
0.0056488
0.0056462
0.0056435
0.0056407
0.0056378
0.0056348
0.0056318
0.0056288
0.0056257
0.0056228
0.0056199
0.0056169
0.0056139
0.0056108
0.0056077
0.0056046
0.0056015
0.0055984
0.0055955
0.0055925
0.0055897
0.0055869
0.0055840
0.0055811
0.0055779
0.0055748
0.0055716
0.0055684
0.0055651
0.0055619
0.0055588
0.0055559
0.0055530
0.0055502
0.0055473
0.0055443
0.0055411
0.0055382
0.0055353
0.0055324
0.0055294
0.0055262
0.0055228
0.0055194
0.0055162
0.0055130
0.0055099
0.0055069
0.0055041
0.0055015
0.0054991
0.0054967
0.0054942
0.0054919
0.0054895
0.0054869
0.0054844
0.0054818
0.0054791
0.0054766
0.0054740
0.0054714
0.0054686
0.0054659
0.0054632
0.0054605
0.0054579
0.0054553
0.0054530
0.0054507
0.0054485
0.0054465
0.0054445
0.0054425
0.0054405
0.0054384
0.0054361
0.0054337
0.0054311
0.0054284
0.0054255
0.0054226
0.0054198
0.0054166
0.0054136
0.0054105
0.0054075
0.0054045
0.0054015
0.0053983
0.0053952
0.0053920
0.0053889
0.0053857
0.0053828
0.0053799
0.0053770
0.0053741
0.0053714
0.0053688
0.0053661
0.0053634
0.0053606
0.0053580
0.0053555
0.0053530
0.0053503
0.0053476
0.0053447
0.0053417
0.0053387
0.0053358
0.0053329
0.0053301
0.0053274
0.0053248
0.0053221
0.0053195
0.0053169
0.0053141
0.0053112
0.0053081
0.0053052
0.0053021
0.0052990
0.0052960
0.0052930
0.0052899
0.0052870
0.0052842
0.0052815
0.0052788
0.0052760
0.0052731
0.0052701
0.0052669
0.0052633
0.0052598
0.0052563
0.0052527
0.0052488
0.0052449
0.0052411
0.0052372
0.0052335
0.0052300
0.0052264
0.0052228
0.0052190
0.0052153
0.0052115
0.0052077
0.0052042
0.0052004
0.0051966
0.0051926
0.0051890
0.0051850
0.0051813
0.0051776
0.0051739
0.0051702
0.0051666
0.0051629
0.0051589
0.0051550
0.0051512
0.0051473
0.0051434
0.0051395
0.0051357
0.0051320
0.0051278
0.0051237
0.0051195
0.0051154
0.0051113
0.0051072
0.0051030
0.0050985
0.0050942
0.0050900
0.0050857
0.0050815
0.0050774
0.0050735
0.0050697
0.0050660
0.0050623
0.0050585
0.0050547
0.0050510
0.0050473
0.0050435
0.0050395
0.0050355
0.0050315
0.0050276
0.0050236
0.0050197
0.0050159
0.0050122
0.0050085
0.0050050
0.0050014
0.0049980
0.0049948
0.0049918
0.0049889
0.0049861
0.0049834
0.0049806
0.0049777
0.0049751
0.0049724
0.0049695
0.0049668
0.0049643
0.0049616
0.0049590
0.0049563
0.0049536
0.0049507
0.0049478
0.0049450
0.0049424
0.0049398
0.0049372
0.0049348
0.0049326
0.0049304
0.0049282
0.0049258
0.0049233
0.0049210
0.0049186
0.0049160
0.0049133
0.0049105
0.0049075
0.0049046
0.0049017
0.0048987
0.0048956
0.0048926
0.0048895
0.0048864
0.0048835
0.0048806
0.0048778
0.0048746
0.0048714
0.0048680
0.0048646
0.0048613
0.0048578
0.0048543
0.0048507
0.0048472
0.0048437
0.0048401
0.0048366
0.0048329
0.0048293
0.0048258
0.0048222
0.0048186
0.0048151
0.0048113
0.0048073
0.0048035
0.0047996
0.0047957
0.0047917
0.0047878
0.0047841
0.0047804
0.0047769
0.0047732
0.0047697
0.0047660
0.0047624
0.0047588
0.0047551
0.0047513
0.0047476
0.0047441
0.0047409
0.0047377
0.0047348
0.0047319
0.0047291
0.0047256
0.0047223
0.0047191
0.0047163
0.0047132
0.0047102
0.0047072
0.0047041
0.0047011
0.0046980
0.0046947
0.0046913
0.0046882
0.0046851
0.0046820
0.0046788
0.0046756
0.0046724
0.0046692
0.0046661
0.0046630
0.0046601
0.0046572
0.0046543
0.0046514
0.0046486
0.0046457
0.0046429
0.0046400
0.0046372
0.0046343
0.0046313
0.0046282
0.0046251
0.0046217
0.0046185
0.0046154
0.0046122
0.0046092
0.0046062
0.0046033
0.0046003
0.0045973
0.0045944
0.0045915
0.0045887
0.0045858
0.0045829
0.0045801
0.0045772
0.0045743
0.0045712
0.0045679
0.0045646
0.0045614
0.0045580
0.0045549
0.0045516
0.0045482
0.0045447
0.0045413
0.0045379
0.0045346
0.0045311
0.0045277
0.0045243
0.0045210
0.0045176
0.0045142
0.0045107
0.0045073
0.0045040
0.0045008
0.0044976
0.0044945
0.0044911
0.0044877
0.0044843
0.0044811
0.0044776
0.0044741
0.0044706
0.0044672
0.0044638
0.0044605
0.0044573
0.0044541
0.0044510
0.0044479
0.0044446
0.0044413
0.0044383
0.0044355
0.0044326
0.0044298
0.0044269
0.0044240
0.0044210
0.0044179
0.0044148
0.0044118
0.0044087
0.0044057
0.0044027
0.0043996
0.0043967
0.0043936
0.0043903
0.0043870
0.0043837
0.0043802
0.0043767
0.0043733
0.0043699
0.0043665
0.0043630
0.0043596
0.0043563
0.0043530
0.0043499
0.0043468
0.0043438
0.0043409
0.0043381
0.0043352
0.0043324
0.0043296
0.0043267
0.0043236
0.0043206
0.0043176
0.0043147
0.0043117
0.0043086
0.0043056
0.0043024
0.0042993
0.0042962
0.0042930
0.0042895
0.0042861
0.0042825
0.0042788
0.0042751
0.0042714
0.0042677
0.0042639
0.0042601
0.0042565
0.0042528
0.0042490
0.0042454
0.0042417
0.0042382
0.0042344
0.0042307
0.0042272
0.0042239
0.0042208
0.0042175
0.0042143
0.0042113
0.0042083
0.0042054
0.0042023
0.0041994
0.0041964
0.0041933
0.0041906
0.0041879
0.0041851
0.0041822
0.0041792
0.0041763
0.0041734
0.0041707
0.0041679
0.0041650
0.0041623
0.0041595
0.0041567
0.0041537
0.0041508
0.0041479
0.0041449
0.0041420
0.0041391
0.0041361
0.0041335
0.0041308
0.0041283
0.0041260
0.0041236
0.0041212
0.0041189
0.0041166
0.0041144
0.0041122
0.0041100
0.0041078
0.0041053
0.0041028
0.0041004
0.0040982
0.0040959
0.0040941
0.0040922
0.0040903
0.0040885
0.0040868
0.0040851
0.0040834
0.0040816
0.0040797
0.0040778
0.0040758
0.0040737
0.0040716
0.0040697
0.0040681
0.0040663
0.0040648
0.0040633
0.0040617
0.0040602
0.0040588
0.0040573
0.0040556
0.0040541
0.0040526
0.0040511
0.0040494
0.0040474
0.0040454
0.0040434
0.0040416
0.0040399
0.0040383
0.0040368
0.0040351
0.0040333
0.0040314
0.0040295
0.0040274
0.0040253
0.0040232
0.0040210
0.0040189
0.0040169
0.0040147
0.0040124
0.0040100
0.0040078
0.0040058
0.0040039
0.0040021
0.0039999
0.0039978
0.0039958
0.0039936
0.0039914
0.0039893
0.0039874
0.0039855
0.0039834
0.0039811
0.0039787
0.0039764
0.0039742
0.0039718
0.0039695
0.0039670
0.0039645
0.0039621
0.0039597
0.0039570
0.0039541
0.0039511
0.0039482
0.0039454
0.0039428
0.0039403
0.0039377
0.0039350
0.0039321
0.0039292
0.0039262
0.0039233
0.0039205
0.0039178
0.0039153
0.0039126
0.0039097
0.0039068
0.0039041
0.0039014
0.0038986
0.0038958
0.0038933
0.0038907
0.0038881
0.0038856
0.0038830
0.0038803
0.0038778
0.0038753
0.0038729
0.0038704
0.0038679
0.0038656
0.0038632
0.0038608
0.0038583
0.0038560
0.0038538
0.0038519
0.0038500
0.0038481
0.0038460
0.0038440
0.0038419
0.0038399
0.0038379
0.0038361
0.0038342
0.0038322
0.0038303
0.0038283
0.0038263
0.0038245
0.0038227
0.0038208
0.0038187
0.0038168
0.0038148
0.0038127
0.0038104
0.0038082
0.0038059
0.0038035
0.0038011
0.0037988
0.0037967
0.0037945
0.0037924
0.0037901
0.0037880
0.0037859
0.0037837
0.0037815
0.0037793
0.0037773
0.0037754
0.0037732
0.0037708
0.0037685
0.0037662
0.0037639
0.0037616
0.0037591
0.0037567
0.0037543
0.0037518
0.0037494
0.0037470
0.0037447
0.0037427
0.0037404
0.0037381
0.0037357
0.0037333
0.0037310
0.0037288
0.0037265
0.0037240
0.0037215
0.0037193
0.0037170
0.0037149
0.0037130
0.0037110
0.0037089
0.0037069
0.0037048
0.0037026
0.0037006
0.0036985
0.0036965
0.0036946
0.0036928
0.0036908
0.0036889
0.0036871
0.0036853
0.0036835
0.0036819
0.0036803
0.0036786
0.0036769
0.0036753
0.0036737
0.0036721
0.0036704
0.0036686
0.0036667
0.0036647
0.0036625
0.0036605
0.0036583
0.0036563
0.0036541
0.0036517
0.0036492
0.0036472
0.0036449
0.0036427
0.0036406
0.0036385
0.0036365
0.0036344
0.0036324
0.0036305
0.0036285
0.0036265
0.0036247
0.0036228
0.0036210
0.0036192
0.0036174
0.0036158
0.0036140
0.0036120
0.0036101
0.0036082
0.0036063
0.0036045
0.0036025
0.0036006
0.0035988
0.0035970
0.0035954
0.0035935
0.0035917
0.0035898
0.0035878
0.0035860
0.0035841
0.0035824
0.0035806
0.0035787
0.0035769
0.0035754
0.0035737
0.0035720
0.0035703
0.0035686
0.0035669
0.0035650
0.0035633
0.0035615
0.0035598
0.0035582
0.0035567
0.0035550
0.0035532
0.0035513
0.0035495
0.0035474
0.0035453
0.0035433
0.0035411
0.0035389
0.0035367
0.0035343
0.0035323
0.0035305
0.0035286
0.0035266
0.0035245
0.0035225
0.0035206
0.0035187
0.0035167
0.0035146
0.0035124
0.0035101
0.0035077
0.0035053
0.0035028
0.0035007
0.0034987
0.0034967
0.0034946
0.0034927
0.0034907
0.0034889
0.0034873
0.0034856
0.0034841
0.0034826
0.0034813
0.0034800
0.0034786
0.0034774
0.0034762
0.0034750
0.0034739
0.0034729
0.0034719
0.0034708
0.0034696
0.0034685
0.0034675
0.0034663
0.0034650
0.0034635
0.0034620
0.0034603
0.0034586
0.0034570
0.0034556
0.0034542
0.0034528
0.0034516
0.0034503
0.0034490
0.0034476
0.0034465
0.0034455
0.0034443
0.0034431
0.0034416
0.0034401
0.0034385
0.0034370
0.0034355
0.0034340
0.0034325
0.0034310
0.0034292
0.0034274
0.0034256
0.0034238
0.0034218
0.0034198
0.0034178
0.0034158
0.0034138
0.0034117
0.0034099
0.0034084
0.0034070
0.0034055
0.0034040
0.0034025
0.0034011
0.0033995
0.0033979
0.0033963
0.0033947
0.0033933
0.0033918
0.0033905
0.0033891
0.0033876
0.0033859
0.0033843
0.0033826
0.0033810
0.0033794
0.0033778
0.0033762
0.0033746
0.0033730
0.0033713
0.0033697
0.0033682
0.0033665
0.0033648
0.0033632
0.0033615
0.0033599
0.0033582
0.0033566
0.0033550
0.0033533
0.0033513
0.0033494
0.0033474
0.0033453
0.0033434
0.0033414
0.0033397
0.0033380
0.0033364
0.0033346
0.0033330
0.0033313
0.0033296
0.0033277
0.0033258
0.0033238
0.0033219
0.0033201
0.0033180
0.0033161
0.0033141
0.0033119
0.0033097
0.0033076
0.0033054
0.0033031
0.0033008
0.0032983
0.0032961
0.0032938
0.0032916
0.0032894
0.0032876
0.0032856
0.0032839
0.0032819
0.0032798
0.0032778
0.0032756
0.0032733
0.0032707
0.0032681
0.0032655
0.0032629
0.0032603
0.0032577
0.0032550
0.0032523
0.0032498
0.0032471
0.0032443
0.0032414
0.0032385
0.0032356
0.0032328
0.0032300
0.0032270
0.0032242
0.0032213
0.0032183
0.0032153
0.0032123
0.0032092
0.0032061
0.0032030
0.0032001
0.0031972
0.0031942
0.0031910
0.0031880
0.0031850
0.0031822
0.0031794
0.0031767
0.0031740
0.0031713
0.0031685
0.0031656
0.0031629
0.0031603
0.0031577
0.0031551
0.0031523
0.0031495
0.0031467
0.0031442
0.0031419
0.0031396
0.0031374
0.0031352
0.0031329
0.0031306
0.0031283
0.0031260
0.0031237
0.0031215
0.0031194
0.0031175
0.0031152
0.0031131
0.0031109
0.0031086
0.0031064
0.0031043
0.0031018
0.0030993
0.0030967
0.0030942
0.0030917
0.0030894
0.0030870
0.0030844
0.0030820
0.0030796
0.0030775
0.0030755
0.0030735
0.0030717
0.0030696
0.0030675
0.0030657
0.0030638
0.0030616
0.0030595
0.0030572
0.0030548
0.0030524
0.0030498
0.0030474
0.0030449
0.0030425
0.0030403
0.0030378
0.0030354
0.0030329
0.0030305
0.0030279
0.0030253
0.0030228
0.0030203
0.0030179
0.0030157
0.0030133
0.0030110
0.0030088
0.0030066
0.0030045
0.0030022
0.0030002
0.0029982
0.0029960
0.0029937
0.0029914
0.0029889
0.0029865
0.0029841
0.0029817
0.0029793
0.0029769
0.0029746
0.0029723
0.0029697
0.0029674
0.0029650
0.0029628
0.0029605
0.0029584
0.0029563
0.0029542
0.0029525
0.0029508
0.0029490
0.0029472
0.0029455
0.0029439
0.0029420
0.0029401
0.0029382
0.0029361
0.0029340
0.0029320
0.0029301
0.0029281
0.0029264
0.0029246
0.0029226
0.0029208
0.0029190
0.0029173
0.0029154
0.0029135
0.0029114
0.0029093
0.0029072
0.0029051
0.0029030
0.0029009
0.0028989
0.0028969
0.0028950
0.0028932
0.0028913
0.0028894
0.0028877
0.0028860
0.0028843
0.0028826
0.0028810
0.0028793
0.0028775
0.0028757
0.0028741
0.0028725
0.0028709
0.0028693
0.0028675
0.0028658
0.0028641
0.0028624
0.0028607
0.0028591
0.0028572
0.0028551
0.0028528
0.0028506
0.0028486
0.0028467
0.0028447
0.0028428
0.0028409
0.0028391
0.0028371
0.0028349
0.0028327
0.0028306
0.0028285
0.0028265
0.0028243
0.0028222
0.0028199
0.0028176
0.0028152
0.0028128
0.0028103
0.0028079
0.0028056
0.0028033
0.0028010
0.0027991
0.0027973
0.0027956
0.0027940
0.0027926
0.0027912
0.0027899
0.0027884
0.0027867
0.0027854
0.0027839
0.0027824
0.0027808
0.0027792
0.0027776
0.0027762
0.0027748
0.0027734
0.0027719
0.0027704
0.0027688
0.0027674
0.0027661
0.0027647
0.0027635
0.0027619
0.0027604
0.0027588
0.0027574
0.0027559
0.0027542
0.0027526
0.0027509
0.0027494
0.0027479
0.0027466
0.0027453
0.0027439
0.0027425
0.0027411
0.0027396
0.0027382
0.0027366
0.0027350
0.0027334
0.0027317
0.0027302
0.0027287
0.0027272
0.0027256
0.0027242
0.0027229
0.0027215
0.0027201
0.0027188
0.0027177
0.0027165
0.0027152
0.0027140
0.0027125
0.0027112
0.0027098
0.0027082
0.0027068
0.0027054
0.0027038
0.0027024
0.0027008
0.0026990
0.0026972
0.0026953
0.0026933
0.0026914
0.0026894
0.0026874
0.0026854
0.0026834
0.0026813
0.0026793
0.0026773
0.0026754
0.0026736
0.0026720
0.0026706
0.0026692
0.0026679
0.0026665
0.0026648
0.0026633
0.0026620
0.0026606
0.0026592
0.0026580
0.0026569
0.0026559
0.0026551
0.0026540
0.0026531
0.0026523
0.0026513
0.0026504
0.0026494
0.0026484
0.0026475
0.0026465
0.0026455
0.0026443
0.0026431
0.0026419
0.0026404
0.0026392
0.0026379
0.0026368
0.0026356
0.0026343
0.0026329
0.0026314
0.0026299
0.0026281
0.0026263
0.0026245
0.0026228
0.0026213
0.0026195
0.0026178
0.0026160
0.0026141
0.0026123
0.0026105
0.0026089
0.0026075
0.0026061
0.0026045
0.0026030
0.0026013
0.0025997
0.0025980
0.0025965
0.0025951
0.0025941
0.0025932
0.0025921
0.0025910
0.0025900
0.0025889
0.0025880
0.0025871
0.0025862
0.0025854
0.0025847
0.0025837
0.0025826
0.0025815
0.0025804
0.0025793
0.0025782
0.0025770
0.0025759
0.0025746
0.0025732
0.0025719
0.0025705
0.0025691
0.0025677
0.0025661
0.0025644
0.0025628
0.0025608
0.0025589
0.0025573
0.0025557
0.0025543
0.0025526
0.0025510
0.0025493
0.0025474
0.0025455
0.0025437
0.0025419
0.0025402
0.0025384
0.0025367
0.0025349
0.0025331
0.0025314
0.0025297
0.0025281
0.0025265
0.0025248
0.0025231
0.0025215
0.0025200
0.0025184
0.0025171
0.0025158
0.0025146
0.0025133
0.0025118
0.0025105
0.0025093
0.0025078
0.0025064
0.0025049
0.0025033
0.0025017
0.0024997
0.0024981
0.0024964
0.0024946
0.0024930
0.0024915
0.0024900
0.0024885
0.0024869
0.0024855
0.0024840
0.0024825
0.0024807
0.0024790
0.0024771
0.0024754
0.0024737
0.0024719
0.0024703
0.0024685
0.0024667
0.0024651
0.0024633
0.0024615
0.0024596
0.0024578
0.0024562
0.0024545
0.0024527
0.0024507
0.0024486
0.0024466
0.0024445
0.0024427
0.0024409
0.0024391
0.0024375
0.0024361
0.0024349
0.0024335
0.0024319
0.0024304
0.0024288
0.0024274
0.0024261
0.0024247
0.0024233
0.0024219
0.0024204
0.0024188
0.0024171
0.0024155
0.0024141
0.0024125
0.0024110
0.0024096
0.0024082
0.0024066
0.0024050
0.0024034
0.0024018
0.0024002
0.0023987
0.0023973
0.0023959
0.0023944
0.0023930
0.0023918
0.0023904
0.0023891
0.0023879
0.0023868
0.0023855
0.0023843
0.0023833
0.0023823
0.0023814
0.0023803
0.0023793
0.0023784
0.0023775
0.0023765
0.0023757
0.0023748
0.0023740
0.0023730
0.0023721
0.0023710
0.0023701
0.0023689
0.0023677
0.0023665
0.0023654
0.0023641
0.0023630
0.0023619
0.0023607
0.0023594
0.0023581
0.0023566
0.0023552
0.0023537
0.0023520
0.0023503
0.0023487
0.0023470
0.0023452
0.0023435
0.0023418
0.0023402
0.0023385
0.0023369
0.0023354
0.0023337
0.0023318
0.0023300
0.0023284
0.0023268
0.0023252
0.0023235
0.0023216
0.0023197
0.0023178
0.0023159
0.0023140
0.0023122
0.0023103
0.0023085
0.0023066
0.0023046
0.0023028
0.0023011
0.0022994
0.0022975
0.0022956
0.0022939
0.0022921
0.0022905
0.0022890
0.0022872
0.0022853
0.0022832
0.0022812
0.0022792
0.0022771
0.0022750
0.0022729
0.0022706
0.0022684
0.0022660
0.0022636
0.0022611
0.0022588
0.0022565
0.0022544
0.0022519
0.0022493
0.0022467
0.0022444
0.0022420
0.0022396
0.0022372
0.0022349
0.0022324
0.0022300
0.0022273
0.0022247
0.0022223
0.0022197
0.0022172
0.0022147
0.0022125
0.0022103
0.0022081
0.0022059
0.0022036
0.0022014
0.0021992
0.0021969
0.0021949
0.0021929
0.0021908
0.0021887
0.0021868
0.0021845
0.0021825
0.0021804
0.0021781
0.0021758
0.0021735
0.0021712
0.0021688
0.0021666
0.0021641
0.0021617
0.0021593
0.0021569
0.0021546
0.0021524
0.0021502
0.0021480
0.0021461
0.0021439
0.0021418
0.0021395
0.0021374
0.0021353
0.0021334
0.0021313
0.0021292
0.0021273
0.0021254
0.0021235
0.0021214
0.0021191
0.0021168
0.0021144
0.0021118
0.0021093
0.0021067
0.0021042
0.0021016
0.0020989
0.0020961
0.0020934
0.0020909
0.0020884
0.0020860
0.0020837
0.0020811
0.0020790
0.0020767
0.0020747
0.0020727
0.0020708
0.0020689
0.0020671
0.0020651
0.0020632
0.0020614
0.0020596
0.0020577
0.0020558
0.0020539
0.0020520
0.0020498
0.0020475
0.0020453
0.0020431
0.0020411
0.0020389
0.0020365
0.0020342
0.0020320
0.0020296
0.0020272
0.0020247
0.0020220
0.0020194
0.0020167
0.0020141
0.0020116
0.0020091
0.0020065
0.0020039
0.0020014
0.0019988
0.0019962
0.0019937
0.0019912
0.0019886
0.0019861
0.0019838
0.0019815
0.0019794
0.0019773
0.0019755
0.0019734
0.0019714
0.0019692
0.0019672
0.0019651
0.0019628
0.0019604
0.0019580
0.0019555
0.0019530
0.0019504
0.0019476
0.0019449
0.0019421
0.0019394
0.0019369
0.0019347
0.0019324
0.0019302
0.0019281
0.0019260
0.0019239
0.0019217
0.0019197
0.0019175
0.0019151
0.0019126
0.0019098
0.0019069
0.0019038
0.0019008
0.0018977
0.0018947
0.0018917
0.0018888
0.0018858
0.0018827
0.0018798
0.0018767
0.0018737
0.0018708
0.0018680
0.0018654
0.0018627
0.0018600
0.0018572
0.0018545
0.0018518
0.0018490
0.0018463
0.0018435
0.0018409
0.0018381
0.0018353
0.0018328
0.0018301
0.0018274
0.0018247
0.0018220
0.0018194
0.0018169
0.0018145
0.0018120
0.0018095
0.0018071
0.0018048
0.0018026
0.0018004
0.0017979
0.0017952
0.0017925
0.0017896
0.0017867
0.0017837
0.0017810
0.0017783
0.0017757
0.0017733
0.0017708
0.0017683
0.0017658
0.0017635
0.0017611
0.0017589
0.0017565
0.0017543
0.0017517
0.0017491
0.0017463
0.0017437
0.0017410
0.0017383
0.0017357
0.0017331
0.0017304
0.0017276
0.0017248
0.0017217
0.0017186
0.0017154
0.0017122
0.0017091
0.0017061
0.0017031
0.0017000
0.0016972
0.0016944
0.0016915
0.0016889
0.0016864
0.0016837
0.0016810
0.0016782
0.0016756
0.0016730
0.0016704
0.0016677
0.0016650
0.0016622
0.0016595
0.0016569
0.0016544
0.0016521
0.0016500
0.0016476
0.0016456
0.0016437
0.0016419
0.0016400
0.0016380
0.0016361
0.0016342
0.0016324
0.0016306
0.0016287
0.0016267
0.0016247
0.0016229
0.0016212
0.0016195
0.0016178
0.0016162
0.0016144
0.0016126
0.0016106
0.0016088
0.0016071
0.0016052
0.0016034
0.0016018
0.0016001
0.0015983
0.0015965
0.0015947
0.0015929
0.0015911
0.0015893
0.0015874
0.0015854
0.0015834
0.0015812
0.0015791
0.0015770
0.0015748
0.0015727
0.0015706
0.0015685
0.0015663
0.0015641
0.0015618
0.0015595
0.0015573
0.0015549
0.0015526
0.0015503
0.0015477
0.0015449
0.0015421
0.0015395
0.0015369
0.0015342
0.0015317
0.0015292
0.0015267
0.0015241
0.0015214
0.0015188
0.0015163
0.0015138
0.0015114
0.0015089
0.0015065
0.0015041
0.0015017
0.0014994
0.0014969
0.0014944
0.0014920
0.0014897
0.0014873
0.0014851
0.0014830
0.0014809
0.0014787
0.0014766
0.0014743
0.0014719
0.0014695
0.0014673
0.0014651
0.0014626
0.0014603
0.0014578
0.0014552
0.0014525
0.0014499
0.0014474
0.0014450
0.0014428
0.0014404
0.0014379
0.0014355
0.0014330
0.0014304
0.0014279
0.0014254
0.0014230
0.0014206
0.0014182
0.0014158
0.0014134
0.0014110
0.0014087
0.0014064
0.0014042
0.0014022
0.0014002
0.0013980
0.0013959
0.0013941
0.0013919
0.0013897
0.0013876
0.0013855
0.0013835
0.0013816
0.0013797
0.0013779
0.0013762
0.0013744
0.0013726
0.0013708
0.0013692
0.0013674
0.0013656
0.0013640
0.0013624
0.0013609
0.0013591
0.0013572
0.0013557
0.0013541
0.0013523
0.0013504
0.0013483
0.0013462
0.0013441
0.0013420
0.0013400
0.0013377
0.0013356
0.0013335
0.0013316
0.0013297
0.0013278
0.0013259
0.0013238
0.0013216
0.0013195
0.0013174
0.0013153
0.0013130
0.0013105
0.0013081
0.0013059
0.0013036
0.0013015
0.0012991
0.0012966
0.0012943
0.0012917
0.0012891
0.0012865
0.0012839
0.0012813
0.0012788
0.0012763
0.0012740
0.0012717
0.0012694
0.0012671
0.0012648
0.0012626
0.0012606
0.0012586
0.0012566
0.0012546
0.0012527
0.0012509
0.0012489
0.0012467
0.0012447
0.0012425
0.0012401
0.0012379
0.0012358
0.0012338
0.0012317
0.0012295
0.0012273
0.0012250
0.0012227
0.0012204
0.0012178
0.0012154
0.0012131
0.0012106
0.0012082
0.0012058
0.0012035
0.0012014
0.0011995
0.0011974
0.0011951
0.0011929
0.0011907
0.0011885
0.0011863
0.0011841
0.0011818
0.0011797
0.0011776
0.0011756
0.0011735
0.0011714
0.0011693
0.0011672
0.0011651
0.0011626
0.0011601
0.0011576
0.0011550
0.0011523
0.0011495
0.0011466
0.0011440
0.0011413
0.0011387
0.0011361
0.0011333
0.0011307
0.0011278
0.0011249
0.0011218
0.0011187
0.0011154
0.0011119
0.0011086
0.0011052
0.0011021
0.0010989
0.0010957
0.0010924
0.0010891
0.0010857
0.0010824
0.0010790
0.0010756
0.0010723
0.0010692
0.0010662
0.0010631
0.0010598
0.0010566
0.0010534
0.0010503
0.0010473
0.0010442
0.0010412
0.0010381
0.0010351
0.0010322
0.0010294
0.0010266
0.0010238
0.0010211
0.0010183
0.0010157
0.0010131
0.0010107
0.0010084
0.0010059
0.0010034
0.0010010
0.0009986
0.0009961
0.0009936
0.0009914
0.0009892
0.0009870
0.0009848
0.0009827
0.0009805
0.0009782
0.0009761
0.0009742
0.0009720
0.0009698
0.0009676
0.0009651
0.0009626
0.0009599
0.0009574
0.0009548
0.0009521
0.0009496
0.0009471
0.0009446
0.0009420
0.0009396
0.0009370
0.0009344
0.0009319
0.0009291
0.0009262
0.0009234
0.0009207
0.0009180
0.0009153
0.0009128
