0.0254771
0.0252875
0.0251160
0.0249561
0.0248041
0.0246595
0.0245209
0.0243876
0.0242597
0.0241362
0.0240156
0.0238975
0.0237813
0.0236684
0.0235580
0.0234505
0.0233457
0.0232432
0.0231425
0.0230443
0.0229466
0.0228509
0.0227560
0.0226621
0.0225704
0.0224798
0.0223897
0.0223013
0.0222147
0.0221288
0.0220435
0.0219591
0.0218769
0.0217956
0.0217156
0.0216355
0.0215551
0.0214763
0.0213978
0.0213209
0.0212435
0.0211666
0.0210905
0.0210156
0.0209417
0.0208682
0.0207955
0.0207243
0.0206531
0.0205823
0.0205128
0.0204426
0.0203727
0.0203037
0.0202357
0.0201682
0.0201011
0.0200350
0.0199681
0.0199018
0.0198362
0.0197709
0.0197065
0.0196418
0.0195778
0.0195139
0.0194498
0.0193864
0.0193233
0.0192614
0.0192000
0.0191398
0.0190793
0.0190191
0.0189581
0.0188978
0.0188392
0.0187818
0.0187251
0.0186682
0.0186116
0.0185556
0.0184999
0.0184451
0.0183900
0.0183344
0.0182790
0.0182240
0.0181689
0.0181157
0.0180636
0.0180110
0.0179580
0.0179047
0.0178511
0.0177975
0.0177437
0.0176904
0.0176375
0.0175860
0.0175351
0.0174832
0.0174322
0.0173811
0.0173303
0.0172810
0.0172333
0.0171850
0.0171375
0.0170899
0.0170424
0.0169946
0.0169473
0.0169001
0.0168537
0.0168063
0.0167584
0.0167110
0.0166639
0.0166180
0.0165738
0.0165298
0.0164859
0.0164425
0.0163987
0.0163563
0.0163143
0.0162727
0.0162313
0.0161903
0.0161484
0.0161063
0.0160635
0.0160219
0.0159797
0.0159386
0.0158975
0.0158574
0.0158180
0.0157788
0.0157397
0.0157009
0.0156612
0.0156223
0.0155842
0.0155461
0.0155070
0.0154676
0.0154280
0.0153885
0.0153496
0.0153102
0.0152710
0.0152330
0.0151947
0.0151564
0.0151205
0.0150848
0.0150509
0.0150177
0.0149848
0.0149524
0.0149198
0.0148875
0.0148549
0.0148225
0.0147900
0.0147577
0.0147246
0.0146919
0.0146584
0.0146253
0.0145923
0.0145593
0.0145239
0.0144890
0.0144538
0.0144184
0.0143820
0.0143461
0.0143111
0.0142756
0.0142402
0.0142044
0.0141682
0.0141321
0.0140977
0.0140634
0.0140282
0.0139929
0.0139583
0.0139233
0.0138879
0.0138537
0.0138197
0.0137872
0.0137555
0.0137249
0.0136947
0.0136658
0.0136367
0.0136065
0.0135757
0.0135456
0.0135152
0.0134849
0.0134554
0.0134271
0.0133982
0.0133700
0.0133418
0.0133142
0.0132862
0.0132581
0.0132305
0.0132028
0.0131763
0.0131501
0.0131234
0.0130970
0.0130713
0.0130448
0.0130193
0.0129948
0.0129701
0.0129453
0.0129196
0.0128941
0.0128688
0.0128438
0.0128195
0.0127952
0.0127709
0.0127463
0.0127210
0.0126957
0.0126707
0.0126446
0.0126191
0.0125925
0.0125662
0.0125391
0.0125121
0.0124846
0.0124580
0.0124303
0.0124024
0.0123767
0.0123516
0.0123262
0.0123018
0.0122771
0.0122529
0.0122287
0.0122038
0.0121780
0.0121532
0.0121297
0.0121057
0.0120819
0.0120579
0.0120332
0.0120080
0.0119826
0.0119581
0.0119333
0.0119082
0.0118844
0.0118602
0.0118355
0.0118114
0.0117878
0.0117657
0.0117439
0.0117219
0.0117004
0.0116787
0.0116556
0.0116323
0.0116097
0.0115868
0.0115632
0.0115392
0.0115150
0.0114904
0.0114663
0.0114430
0.0114208
0.0113986
0.0113762
0.0113539
0.0113316
0.0113097
0.0112883
0.0112669
0.0112459
0.0112239
0.0112021
0.0111804
0.0111593
0.0111388
0.0111183
0.0110998
0.0110824
0.0110645
0.0110462
0.0110271
0.0110080
0.0109896
0.0109714
0.0109526
0.0109347
0.0109154
0.0108970
0.0108792
0.0108613
0.0108421
0.0108235
0.0108050
0.0107877
0.0107713
0.0107550
0.0107381
0.0107208
0.0107026
0.0106843
0.0106670
0.0106486
0.0106316
0.0106137
0.0105948
0.0105756
0.0105557
0.0105360
0.0105175
0.0104982
0.0104796
0.0104615
0.0104428
0.0104232
0.0104040
0.0103858
0.0103678
0.0103484
0.0103288
0.0103091
0.0102903
0.0102721
0.0102535
0.0102357
0.0102184
0.0102009
0.0101821
0.0101629
0.0101447
0.0101265
0.0101080
0.0100891
0.0100693
0.0100499
0.0100295
0.0100087
0.0099877
0.0099676
0.0099467
0.0099257
0.0099044
0.0098829
0.0098611
0.0098380
0.0098177
0.0097957
0.0097735
0.0097510
0.0097287
0.0097060
0.0096831
0.0096614
0.0096413
0.0096192
0.0095988
0.0095789
0.0095591
0.0095402
0.0095197
0.0094982
0.0094768
0.0094557
0.0094347
0.0094133
0.0093910
0.0093688
0.0093467
0.0093243
0.0093029
0.0092805
0.0092575
0.0092351
0.0092134
0.0091914
0.0091694
0.0091478
0.0091273
0.0091090
0.0090895
0.0090708
0.0090519
0.0090330
0.0090138
0.0089963
0.0089781
0.0089617
0.0089446
0.0089284
0.0089108
0.0088930
0.0088763
0.0088593
0.0088419
0.0088236
0.0088043
0.0087843
0.0087643
0.0087447
0.0087241
0.0087038
0.0086850
0.0086671
0.0086499
0.0086333
0.0086176
0.0086024
0.0085871
0.0085719
0.0085557
0.0085405
0.0085247
0.0085088
0.0084935
0.0084771
0.0084606
0.0084454
0.0084292
0.0084129
0.0083966
0.0083798
0.0083644
0.0083491
0.0083334
0.0083180
0.0083016
0.0082858
0.0082694
0.0082532
0.0082379
0.0082226
0.0082069
0.0081914
0.0081764
0.0081601
0.0081426
0.0081257
0.0081081
0.0080900
0.0080715
0.0080540
0.0080361
0.0080173
0.0079991
0.0079817
0.0079641
0.0079465
0.0079298
0.0079134
0.0078964
0.0078805
0.0078641
0.0078489
0.0078348
0.0078208
0.0078063
0.0077916
0.0077777
0.0077644
0.0077512
0.0077383
0.0077259
0.0077130
0.0076999
0.0076861
0.0076720
0.0076579
0.0076429
0.0076281
0.0076118
0.0075953
0.0075791
0.0075612
0.0075434
0.0075244
0.0075056
0.0074875
0.0074701
0.0074529
0.0074357
0.0074185
0.0074025
0.0073876
0.0073732
0.0073601
0.0073449
0.0073294
0.0073149
0.0073009
0.0072869
0.0072732
0.0072585
0.0072447
0.0072303
0.0072159
0.0072010
0.0071868
0.0071730
0.0071594
0.0071459
0.0071334
0.0071214
0.0071089
0.0070969
0.0070851
0.0070722
0.0070590
0.0070467
0.0070340
0.0070226
0.0070124
0.0070012
0.0069885
0.0069775
0.0069661
0.0069532
0.0069405
0.0069279
0.0069141
0.0069007
0.0068860
0.0068713
0.0068566
0.0068424
0.0068269
0.0068118
0.0067968
0.0067825
0.0067677
0.0067531
0.0067389
0.0067260
0.0067145
0.0067024
0.0066892
0.0066762
0.0066632
0.0066512
0.0066387
0.0066261
0.0066139
0.0066020
0.0065894
0.0065771
0.0065637
0.0065511
0.0065379
0.0065267
0.0065159
0.0065034
0.0064915
0.0064806
0.0064684
0.0064574
0.0064472
0.0064374
0.0064268
0.0064158
0.0064039
0.0063927
0.0063810
0.0063682
0.0063536
0.0063391
0.0063238
0.0063080
0.0062921
0.0062766
0.0062615
0.0062466
0.0062308
0.0062150
0.0062000
0.0061856
0.0061708
0.0061563
0.0061421
0.0061279
0.0061146
0.0061002
0.0060860
0.0060725
0.0060589
0.0060451
0.0060319
0.0060192
0.0060052
0.0059926
0.0059807
0.0059679
0.0059539
0.0059397
0.0059265
0.0059127
0.0059004
0.0058875
0.0058750
0.0058611
0.0058467
0.0058327
0.0058187
0.0058035
0.0057884
0.0057745
0.0057614
0.0057484
0.0057347
0.0057219
0.0057098
0.0056963
0.0056846
0.0056734
0.0056627
0.0056525
0.0056418
0.0056311
0.0056208
0.0056104
0.0055989
0.0055867
0.0055737
0.0055631
0.0055528
0.0055435
0.0055332
0.0055240
0.0055143
0.0055036
0.0054924
0.0054805
0.0054696
0.0054590
0.0054476
0.0054365
0.0054264
0.0054154
0.0054034
0.0053920
0.0053818
0.0053714
0.0053613
0.0053510
0.0053415
0.0053314
0.0053221
0.0053127
0.0053040
0.0052950
0.0052846
0.0052742
0.0052634
0.0052533
0.0052429
0.0052323
0.0052232
0.0052143
0.0052048
0.0051955
0.0051869
0.0051783
0.0051700
0.0051613
0.0051521
0.0051429
0.0051350
0.0051269
0.0051178
0.0051086
0.0050996
0.0050901
0.0050804
0.0050703
0.0050605
0.0050519
0.0050422
0.0050313
0.0050196
0.0050082
0.0049964
0.0049852
0.0049742
0.0049636
0.0049529
0.0049421
0.0049317
0.0049203
0.0049089
0.0048973
0.0048869
0.0048775
0.0048676
0.0048568
0.0048454
0.0048351
0.0048248
0.0048147
0.0048042
0.0047946
0.0047857
0.0047765
0.0047681
0.0047611
0.0047537
0.0047444
0.0047358
0.0047284
0.0047212
0.0047134
0.0047050
0.0046969
0.0046891
0.0046810
0.0046724
0.0046637
0.0046555
0.0046473
0.0046394
0.0046312
0.0046240
0.0046162
0.0046081
0.0045999
0.0045919
0.0045836
0.0045746
0.0045645
0.0045540
0.0045446
0.0045358
0.0045270
0.0045172
0.0045059
0.0044949
0.0044848
0.0044736
0.0044628
0.0044517
0.0044420
0.0044331
0.0044243
0.0044141
0.0044038
0.0043936
0.0043834
0.0043757
0.0043666
0.0043562
0.0043450
0.0043347
0.0043246
0.0043150
0.0043059
0.0042974
0.0042891
0.0042810
0.0042731
0.0042645
0.0042565
0.0042488
0.0042429
0.0042365
0.0042305
0.0042234
0.0042156
0.0042068
0.0041966
0.0041866
0.0041771
0.0041661
0.0041550
0.0041436
0.0041329
0.0041222
0.0041124
0.0041031
0.0040937
0.0040844
0.0040749
0.0040659
0.0040563
0.0040484
0.0040406
0.0040325
0.0040235
0.0040148
0.0040058
0.0039989
0.0039921
0.0039847
0.0039764
0.0039680
0.0039587
0.0039483
0.0039376
0.0039273
0.0039166
0.0039063
0.0038968
0.0038868
0.0038782
0.0038692
0.0038602
0.0038502
0.0038392
0.0038296
0.0038188
0.0038082
0.0037972
0.0037864
0.0037760
0.0037648
0.0037534
0.0037416
0.0037287
0.0037148
0.0037000
0.0036866
0.0036746
0.0036628
0.0036509
0.0036402
0.0036288
0.0036183
0.0036087
0.0035978
0.0035880
0.0035780
0.0035681
0.0035587
0.0035495
0.0035412
0.0035324
0.0035256
0.0035187
0.0035113
0.0035030
0.0034959
0.0034877
0.0034804
0.0034730
0.0034644
0.0034555
0.0034473
0.0034388
0.0034316
0.0034242
0.0034179
0.0034119
0.0034061
0.0034010
0.0033958
0.0033908
0.0033859
0.0033812
0.0033763
0.0033716
0.0033670
0.0033625
0.0033586
0.0033546
0.0033510
0.0033464
0.0033431
0.0033387
0.0033347
0.0033295
0.0033241
0.0033188
0.0033132
0.0033078
0.0033027
0.0032988
0.0032949
0.0032924
0.0032892
0.0032870
0.0032846
0.0032818
0.0032793
0.0032771
0.0032749
0.0032732
0.0032714
0.0032674
0.0032634
0.0032587
0.0032536
0.0032480
0.0032430
0.0032392
0.0032351
0.0032317
0.0032270
0.0032220
0.0032179
0.0032138
0.0032096
0.0032053
0.0032015
0.0031982
0.0031951
0.0031922
0.0031894
0.0031872
0.0031846
0.0031821
0.0031802
0.0031793
0.0031778
0.0031754
0.0031732
0.0031701
0.0031665
0.0031633
0.0031605
0.0031576
0.0031550
0.0031505
0.0031459
0.0031411
0.0031362
0.0031302
0.0031241
0.0031189
0.0031144
0.0031104
0.0031062
0.0031019
0.0030976
0.0030912
0.0030856
0.0030795
0.0030752
0.0030712
0.0030673
0.0030631
0.0030587
0.0030537
0.0030485
0.0030448
0.0030409
0.0030363
0.0030327
0.0030299
0.0030279
0.0030267
0.0030258
0.0030251
0.0030247
0.0030244
0.0030236
0.0030222
0.0030222
0.0030229
0.0030231
0.0030226
0.0030225
0.0030234
0.0030229
0.0030226
0.0030230
0.0030233
0.0030249
0.0030269
0.0030283
0.0030294
0.0030310
0.0030325
0.0030334
0.0030343
0.0030346
0.0030348
0.0030363
0.0030367
0.0030350
0.0030328
0.0030319
0.0030315
0.0030311
0.0030300
0.0030282
0.0030263
0.0030241
0.0030221
0.0030203
0.0030184
0.0030166
0.0030149
0.0030122
0.0030090
0.0030061
0.0030049
0.0030038
0.0030029
0.0030014
0.0030000
0.0029974
0.0029941
0.0029907
0.0029867
0.0029826
0.0029774
0.0029712
0.0029652
0.0029600
0.0029558
0.0029514
0.0029480
0.0029435
0.0029396
0.0029370
0.0029338
0.0029295
0.0029264
0.0029228
0.0029197
0.0029159
0.0029119
0.0029083
0.0029046
0.0029005
0.0028961
0.0028925
0.0028895
0.0028864
0.0028839
0.0028807
0.0028778
0.0028755
0.0028735
0.0028711
0.0028688
0.0028664
0.0028624
0.0028585
0.0028553
0.0028525
0.0028497
0.0028465
0.0028438
0.0028413
0.0028391
0.0028365
0.0028349
0.0028325
0.0028307
0.0028294
0.0028281
0.0028261
0.0028233
0.0028217
0.0028201
0.0028182
0.0028155
0.0028127
0.0028101
0.0028079
0.0028061
0.0028044
0.0028022
0.0027990
0.0027961
0.0027945
0.0027940
0.0027923
0.0027904
0.0027892
0.0027883
0.0027873
0.0027863
0.0027844
0.0027821
0.0027806
0.0027797
0.0027778
0.0027754
0.0027730
0.0027715
0.0027698
0.0027685
0.0027669
0.0027652
0.0027631
0.0027603
0.0027577
0.0027564
0.0027553
0.0027525
0.0027491
0.0027457
0.0027417
0.0027387
0.0027361
0.0027337
0.0027305
0.0027289
0.0027268
0.0027253
0.0027242
0.0027222
0.0027193
0.0027177
0.0027165
0.0027157
0.0027140
0.0027129
0.0027110
0.0027099
0.0027082
0.0027072
0.0027059
0.0027045
0.0027022
0.0027003
0.0026983
0.0026972
0.0026952
0.0026948
0.0026945
0.0026934
0.0026913
0.0026887
0.0026855
0.0026828
0.0026803
0.0026803
0.0026807
0.0026813
0.0026807
0.0026797
0.0026789
0.0026790
0.0026791
0.0026781
0.0026773
0.0026769
0.0026772
0.0026772
0.0026777
0.0026777
0.0026776
0.0026767
0.0026752
0.0026738
0.0026718
0.0026694
0.0026677
0.0026665
0.0026657
0.0026651
0.0026624
0.0026596
0.0026570
0.0026540
0.0026516
0.0026498
0.0026472
0.0026442
0.0026416
0.0026378
0.0026338
0.0026312
0.0026279
0.0026239
0.0026204
0.0026175
0.0026150
0.0026125
0.0026095
0.0026062
0.0026037
0.0026007
0.0025984
0.0025971
0.0025961
0.0025938
0.0025942
0.0025941
0.0025935
0.0025929
0.0025911
0.0025901
0.0025888
0.0025873
0.0025841
0.0025818
0.0025783
0.0025752
0.0025728
0.0025699
0.0025663
0.0025635
0.0025597
0.0025563
0.0025520
0.0025482
0.0025436
0.0025396
0.0025361
0.0025325
0.0025280
0.0025240
0.0025199
0.0025156
0.0025125
0.0025090
0.0025055
0.0025019
0.0024976
0.0024920
0.0024868
0.0024820
0.0024755
0.0024696
0.0024652
0.0024609
0.0024563
0.0024513
0.0024472
0.0024431
0.0024387
0.0024347
0.0024312
0.0024280
0.0024250
0.0024212
0.0024165
0.0024125
0.0024084
0.0024047
0.0024016
0.0023997
0.0023978
0.0023968
0.0023954
0.0023927
0.0023899
0.0023877
0.0023864
0.0023856
0.0023841
0.0023823
0.0023800
0.0023772
0.0023751
0.0023737
0.0023717
0.0023693
0.0023675
0.0023658
0.0023634
0.0023603
0.0023564
0.0023519
0.0023467
0.0023422
0.0023381
0.0023332
0.0023278
0.0023221
0.0023160
0.0023112
0.0023074
0.0023047
0.0023013
0.0022986
0.0022946
0.0022914
0.0022882
0.0022840
0.0022798
0.0022747
0.0022702
0.0022663
0.0022622
0.0022598
0.0022559
0.0022522
0.0022475
0.0022430
0.0022379
0.0022326
0.0022261
0.0022211
0.0022173
0.0022140
0.0022120
0.0022086
0.0022058
0.0022025
0.0021991
0.0021945
0.0021891
0.0021839
0.0021794
0.0021763
0.0021725
0.0021683
0.0021635
0.0021584
0.0021539
0.0021480
0.0021414
0.0021344
0.0021269
0.0021188
0.0021106
0.0021017
0.0020940
0.0020868
0.0020812
0.0020759
0.0020709
0.0020658
0.0020599
0.0020535
0.0020470
0.0020407
0.0020363
0.0020316
0.0020278
0.0020237
0.0020194
0.0020150
0.0020105
0.0020058
0.0020011
0.0019962
0.0019916
0.0019872
0.0019829
0.0019788
0.0019753
0.0019716
0.0019681
0.0019639
0.0019599
0.0019554
0.0019523
0.0019489
0.0019454
0.0019432
0.0019399
0.0019364
0.0019334
0.0019307
0.0019277
0.0019251
0.0019230
0.0019209
0.0019185
0.0019168
0.0019151
0.0019125
0.0019104
0.0019085
0.0019071
0.0019055
0.0019047
0.0019042
0.0019035
0.0019025
0.0019018
0.0019003
0.0018987
0.0018968
0.0018957
0.0018939
0.0018915
0.0018902
0.0018898
0.0018890
0.0018886
0.0018873
0.0018850
0.0018832
0.0018813
0.0018796
0.0018771
0.0018745
0.0018727
0.0018704
0.0018667
0.0018631
0.0018593
0.0018558
0.0018522
0.0018484
0.0018442
0.0018406
0.0018371
0.0018333
0.0018301
0.0018267
0.0018230
0.0018193
0.0018147
0.0018092
0.0018043
0.0017992
0.0017958
0.0017927
0.0017893
0.0017847
0.0017810
0.0017769
0.0017734
0.0017701
0.0017673
0.0017630
0.0017580
0.0017540
0.0017489
0.0017437
0.0017400
0.0017362
0.0017312
0.0017258
0.0017196
0.0017129
0.0017062
0.0016991
0.0016931
0.0016880
0.0016851
0.0016813
0.0016771
0.0016734
0.0016694
0.0016652
0.0016615
0.0016596
0.0016568
0.0016544
0.0016517
0.0016493
0.0016472
0.0016457
0.0016433
0.0016410
0.0016387
0.0016370
0.0016350
0.0016322
0.0016285
0.0016247
0.0016202
0.0016158
0.0016127
0.0016090
0.0016045
0.0015994
0.0015943
0.0015898
0.0015850
0.0015789
0.0015733
0.0015686
0.0015641
0.0015593
0.0015545
0.0015499
0.0015455
0.0015408
0.0015357
0.0015307
0.0015249
0.0015206
0.0015163
0.0015104
0.0015053
0.0015010
0.0014968
0.0014909
0.0014861
0.0014807
0.0014753
0.0014705
0.0014649
0.0014604
0.0014549
0.0014504
0.0014452
0.0014395
0.0014334
0.0014272
0.0014200
0.0014131
0.0014074
0.0014016
0.0013947
0.0013899
0.0013852
0.0013817
0.0013799
0.0013784
0.0013774
0.0013768
0.0013764
0.0013753
0.0013737
0.0013728
0.0013708
0.0013689
0.0013674
0.0013653
0.0013642
0.0013633
0.0013620
0.0013615
0.0013614
0.0013608
0.0013595
0.0013577
0.0013561
0.0013534
0.0013498
0.0013460
0.0013424
0.0013397
0.0013367
0.0013347
0.0013341
0.0013324
0.0013310
0.0013293
0.0013272
0.0013263
0.0013262
0.0013257
0.0013246
0.0013226
0.0013215
0.0013193
0.0013192
0.0013197
0.0013205
0.0013205
0.0013196
0.0013198
0.0013204
0.0013208
0.0013211
0.0013210
0.0013205
0.0013174
0.0013158
0.0013145
0.0013143
0.0013136
0.0013128
0.0013134
0.0013127
0.0013134
0.0013124
0.0013107
0.0013092
0.0013080
0.0013075
0.0013056
0.0013047
0.0013034
0.0013013
0.0012991
0.0012978
0.0012965
0.0012954
0.0012952
0.0012943
0.0012939
0.0012940
0.0012938
0.0012936
0.0012921
0.0012906
0.0012892
0.0012894
0.0012900
0.0012900
0.0012903
0.0012922
0.0012928
0.0012925
0.0012915
0.0012904
0.0012897
0.0012885
0.0012878
0.0012876
0.0012876
0.0012877
0.0012879
0.0012878
0.0012890
0.0012897
0.0012910
0.0012922
0.0012939
0.0012960
0.0012978
0.0012995
0.0013020
0.0013041
0.0013050
0.0013058
0.0013069
0.0013073
0.0013078
0.0013104
0.0013136
0.0013162
0.0013188
0.0013211
0.0013239
0.0013257
0.0013271
0.0013283
0.0013280
0.0013283
0.0013283
0.0013275
0.0013288
0.0013291
0.0013289
0.0013278
0.0013266
0.0013252
0.0013229
0.0013205
0.0013192
0.0013181
0.0013157
0.0013133
0.0013103
0.0013091
0.0013095
0.0013102
0.0013107
0.0013108
0.0013120
0.0013137
0.0013147
0.0013172
0.0013193
0.0013208
0.0013217
0.0013229
0.0013220
0.0013221
0.0013234
0.0013241
0.0013237
0.0013231
0.0013225
0.0013214
0.0013206
0.0013200
0.0013194
0.0013184
0.0013183
0.0013169
0.0013164
0.0013138
0.0013123
0.0013099
0.0013078
0.0013063
0.0013052
0.0013047
0.0013051
0.0013057
0.0013060
0.0013060
0.0013044
0.0013012
0.0012982
0.0012958
0.0012933
0.0012906
0.0012873
0.0012844
0.0012827
0.0012806
0.0012791
0.0012786
0.0012763
0.0012734
0.0012698
0.0012675
0.0012657
0.0012646
0.0012642
0.0012625
0.0012612
0.0012588
0.0012566
0.0012543
0.0012534
0.0012536
0.0012539
0.0012551
0.0012565
0.0012575
0.0012584
0.0012601
0.0012606
0.0012604
0.0012593
0.0012571
0.0012561
0.0012544
0.0012530
0.0012511
0.0012474
0.0012430
0.0012383
0.0012334
0.0012294
0.0012248
0.0012196
0.0012148
0.0012109
0.0012074
0.0012031
0.0011991
0.0011947
0.0011910
0.0011855
0.0011813
0.0011764
0.0011714
0.0011672
0.0011631
0.0011612
0.0011584
0.0011549
0.0011519
0.0011494
0.0011467
0.0011446
0.0011427
0.0011411
0.0011379
0.0011338
0.0011283
0.0011232
0.0011188
0.0011136
0.0011098
0.0011062
0.0011036
0.0011018
0.0010978
0.0010934
0.0010900
0.0010871
0.0010839
0.0010788
0.0010745
0.0010695
0.0010649
0.0010599
0.0010546
0.0010502
0.0010463
0.0010444
0.0010429
0.0010408
0.0010381
0.0010347
0.0010309
0.0010271
0.0010235
0.0010212
0.0010188
0.0010144
0.0010101
0.0010051
0.0010010
0.0009976
0.0009946
0.0009914
0.0009891
0.0009862
0.0009838
0.0009818
0.0009793
0.0009790
0.0009785
0.0009773
0.0009761
0.0009733
0.0009705
0.0009671
0.0009644
0.0009628
0.0009613
0.0009605
0.0009595
0.0009595
0.0009603
0.0009609
0.0009613
0.0009618
0.0009621
0.0009625
0.0009624
0.0009618
0.0009597
0.0009578
0.0009556
0.0009536
0.0009518
0.0009511
0.0009515
0.0009510
0.0009501
0.0009508
0.0009511
0.0009498
0.0009493
0.0009483
0.0009481
0.0009487
0.0009487
0.0009502
0.0009520
0.0009539
0.0009565
0.0009587
0.0009611
0.0009626
0.0009655
0.0009676
0.0009713
0.0009742
0.0009759
0.0009769
0.0009778
0.0009779
0.0009780
0.0009780
0.0009787
0.0009804
0.0009823
0.0009843
0.0009872
0.0009904
0.0009931
0.0009960
0.0009990
0.0010038
0.0010075
0.0010120
0.0010165
0.0010215
0.0010270
0.0010334
0.0010405
0.0010477
0.0010544
0.0010588
0.0010628
0.0010667
0.0010705
0.0010740
0.0010777
0.0010817
0.0010854
0.0010885
0.0010906
0.0010920
0.0010941
0.0010964
0.0010986
0.0011002
0.0011012
0.0011025
0.0011028
0.0011038
0.0011059
0.0011082
0.0011094
0.0011100
0.0011094
0.0011102
0.0011110
0.0011113
0.0011122
0.0011139
0.0011160
0.0011190
0.0011219
0.0011249
0.0011267
0.0011280
0.0011292
0.0011294
0.0011302
0.0011301
0.0011302
0.0011312
0.0011310
0.0011305
0.0011304
0.0011299
0.0011300
0.0011294
0.0011290
0.0011289
0.0011293
0.0011300
0.0011279
0.0011282
0.0011302
0.0011327
0.0011358
0.0011383
0.0011411
0.0011428
0.0011445
0.0011472
0.0011502
0.0011537
0.0011573
0.0011606
0.0011622
0.0011653
0.0011679
0.0011708
0.0011747
0.0011775
0.0011815
0.0011846
0.0011879
0.0011927
0.0011979
0.0012038
0.0012101
0.0012150
0.0012212
0.0012273
0.0012328
0.0012375
0.0012419
0.0012455
0.0012498
0.0012536
0.0012574
0.0012609
0.0012643
0.0012687
0.0012726
0.0012753
0.0012784
0.0012822
0.0012859
0.0012904
0.0012947
0.0012994
0.0013046
0.0013099
0.0013144
0.0013187
0.0013225
0.0013254
0.0013280
0.0013299
0.0013321
0.0013331
0.0013354
0.0013383
0.0013408
0.0013442
0.0013477
0.0013508
0.0013546
0.0013576
0.0013608
0.0013653
0.0013706
0.0013753
0.0013794
0.0013818
0.0013829
0.0013850
0.0013855
0.0013858
0.0013871
0.0013887
0.0013899
0.0013923
0.0013956
0.0013987
0.0014009
0.0014029
0.0014054
0.0014081
0.0014100
0.0014127
0.0014149
0.0014177
0.0014194
0.0014218
0.0014240
0.0014254
0.0014261
0.0014258
0.0014252
0.0014250
0.0014252
0.0014255
0.0014260
0.0014264
0.0014260
0.0014244
0.0014230
0.0014200
0.0014183
0.0014183
0.0014174
0.0014175
0.0014166
0.0014150
0.0014140
0.0014133
0.0014133
0.0014133
0.0014146
0.0014159
0.0014165
0.0014173
0.0014186
0.0014192
0.0014201
0.0014211
0.0014219
0.0014233
0.0014239
0.0014243
0.0014253
0.0014251
0.0014255
0.0014253
0.0014243
0.0014230
0.0014211
0.0014190
0.0014167
0.0014135
0.0014106
0.0014068
0.0014034
0.0014006
0.0013971
0.0013946
0.0013924
0.0013901
0.0013887
0.0013882
0.0013889
0.0013890
0.0013903
0.0013911
0.0013919
0.0013927
0.0013938
0.0013944
0.0013947
0.0013943
0.0013947
0.0013959
0.0013971
0.0013975
0.0013956
0.0013942
0.0013929
0.0013913
0.0013907
0.0013909
0.0013897
0.0013897
0.0013901
0.0013915
0.0013923
0.0013935
0.0013943
0.0013964
0.0013980
0.0014013
0.0014052
0.0014077
0.0014098
0.0014122
0.0014134
0.0014141
0.0014157
0.0014173
0.0014189
0.0014213
0.0014237
0.0014247
0.0014251
0.0014260
0.0014265
0.0014259
0.0014252
0.0014244
0.0014245
0.0014239
0.0014245
0.0014228
0.0014211
0.0014190
0.0014170
0.0014157
0.0014153
0.0014151
0.0014151
0.0014152
0.0014151
0.0014160
0.0014165
0.0014165
0.0014168
0.0014169
0.0014155
0.0014147
0.0014140
0.0014143
0.0014144
0.0014146
0.0014136
0.0014136
0.0014137
0.0014130
0.0014110
0.0014085
0.0014060
0.0014041
0.0014034
0.0014017
0.0013998
0.0013977
0.0013960
0.0013945
0.0013923
0.0013897
0.0013870
0.0013857
0.0013840
0.0013823
0.0013799
0.0013782
0.0013773
0.0013766
0.0013761
0.0013759
0.0013761
0.0013763
0.0013755
0.0013753
0.0013746
0.0013738
0.0013740
0.0013757
0.0013769
0.0013786
0.0013809
0.0013828
0.0013856
0.0013868
0.0013869
0.0013878
0.0013884
0.0013887
0.0013886
0.0013883
0.0013888
0.0013899
0.0013918
0.0013926
0.0013939
0.0013950
0.0013968
0.0013993
0.0014012
0.0014025
0.0014037
0.0014058
0.0014071
0.0014086
0.0014098
0.0014115
0.0014136
0.0014158
0.0014179
0.0014208
0.0014239
0.0014267
0.0014291
0.0014314
0.0014341
0.0014374
0.0014408
0.0014437
0.0014463
0.0014479
0.0014492
0.0014507
0.0014534
0.0014561
0.0014592
0.0014619
0.0014648
0.0014676
0.0014696
0.0014709
0.0014725
0.0014750
0.0014768
0.0014772
0.0014782
0.0014806
0.0014825
0.0014847
0.0014872
0.0014880
0.0014890
0.0014909
0.0014931
0.0014955
0.0014990
0.0015012
0.0015027
0.0015051
0.0015072
0.0015097
0.0015133
0.0015163
0.0015170
0.0015186
0.0015198
0.0015198
0.0015202
0.0015206
0.0015201
0.0015204
0.0015207
0.0015212
0.0015215
0.0015221
0.0015221
0.0015223
0.0015234
0.0015245
0.0015253
0.0015255
0.0015258
0.0015270
0.0015286
0.0015303
0.0015326
0.0015345
0.0015361
0.0015379
0.0015396
0.0015404
0.0015409
0.0015425
0.0015435
0.0015447
0.0015480
0.0015502
0.0015545
0.0015588
0.0015625
0.0015649
0.0015681
0.0015718
0.0015744
0.0015770
0.0015797
0.0015826
0.0015865
0.0015913
0.0015948
0.0015968
0.0015994
0.0016019
0.0016031
0.0016053
0.0016074
0.0016103
0.0016142
0.0016174
0.0016195
0.0016208
0.0016225
0.0016248
0.0016281
0.0016304
0.0016326
0.0016333
0.0016340
0.0016348
0.0016352
0.0016350
0.0016356
0.0016374
0.0016376
0.0016388
0.0016406
0.0016427
0.0016443
0.0016444
0.0016445
0.0016447
0.0016461
0.0016484
0.0016500
0.0016499
0.0016494
0.0016495
0.0016477
0.0016468
0.0016457
0.0016452
0.0016450
0.0016446
0.0016449
0.0016452
0.0016440
0.0016432
0.0016423
0.0016414
0.0016412
0.0016415
0.0016423
0.0016428
0.0016434
0.0016445
0.0016464
0.0016480
0.0016494
0.0016511
0.0016537
0.0016574
0.0016601
0.0016625
0.0016651
0.0016680
0.0016704
0.0016730
0.0016753
0.0016766
0.0016767
0.0016779
0.0016792
0.0016801
0.0016816
0.0016833
0.0016845
0.0016872
0.0016895
0.0016908
0.0016913
0.0016911
0.0016921
0.0016942
0.0016956
0.0016959
0.0016966
0.0016987
0.0016996
0.0017001
0.0017008
0.0017011
0.0017018
0.0017025
0.0017029
0.0017018
0.0017007
0.0016999
0.0016988
0.0016976
0.0016961
0.0016934
0.0016918
0.0016899
0.0016874
0.0016853
0.0016838
0.0016824
0.0016806
0.0016773
0.0016745
0.0016726
0.0016709
0.0016699
0.0016687
0.0016690
0.0016685
0.0016683
0.0016681
0.0016682
0.0016683
0.0016684
0.0016693
0.0016697
0.0016703
0.0016710
0.0016725
0.0016740
0.0016758
0.0016770
0.0016778
0.0016777
0.0016778
0.0016787
0.0016800
0.0016806
0.0016807
0.0016820
0.0016830
0.0016844
0.0016848
0.0016853
0.0016840
0.0016832
0.0016828
0.0016829
0.0016807
0.0016794
0.0016789
0.0016777
0.0016778
0.0016758
0.0016739
0.0016710
0.0016690
0.0016660
0.0016632
0.0016608
0.0016592
0.0016569
0.0016552
0.0016533
0.0016504
0.0016473
0.0016451
0.0016429
0.0016415
0.0016396
0.0016381
0.0016353
0.0016326
0.0016281
0.0016243
0.0016196
0.0016154
0.0016112
0.0016063
0.0016016
0.0015973
0.0015938
0.0015911
0.0015884
0.0015847
0.0015816
0.0015790
0.0015760
0.0015739
0.0015720
0.0015698
0.0015675
0.0015649
0.0015630
0.0015606
0.0015605
0.0015610
0.0015611
0.0015609
0.0015614
0.0015619
0.0015614
0.0015606
0.0015616
0.0015625
0.0015625
0.0015636
0.0015638
0.0015637
0.0015632
0.0015641
0.0015640
0.0015642
0.0015628
0.0015611
0.0015600
0.0015594
0.0015585
0.0015561
0.0015531
0.0015506
0.0015491
0.0015470
0.0015435
0.0015410
0.0015389
0.0015359
0.0015329
0.0015305
0.0015274
0.0015256
0.0015234
0.0015207
0.0015180
0.0015169
0.0015159
0.0015141
0.0015120
0.0015116
0.0015110
0.0015084
0.0015062
0.0015033
0.0014986
0.0014944
0.0014893
0.0014843
0.0014796
0.0014728
0.0014657
0.0014581
0.0014498
0.0014438
0.0014384
0.0014335
0.0014287
0.0014225
0.0014167
0.0014110
0.0014046
0.0013992
0.0013931
0.0013880
0.0013835
0.0013798
0.0013763
0.0013726
0.0013685
0.0013637
0.0013576
0.0013530
0.0013483
0.0013448
0.0013423
0.0013400
0.0013378
0.0013350
0.0013325
0.0013299
0.0013256
0.0013214
0.0013175
0.0013126
0.0013073
0.0013025
0.0012977
0.0012927
0.0012886
0.0012840
0.0012785
0.0012736
0.0012685
0.0012633
0.0012575
0.0012522
0.0012469
0.0012427
0.0012396
0.0012369
0.0012346
0.0012331
0.0012314
0.0012307
0.0012304
0.0012297
0.0012280
0.0012262
0.0012245
0.0012221
0.0012214
0.0012213
0.0012216
0.0012223
0.0012224
0.0012221
0.0012212
0.0012215
0.0012221
0.0012220
0.0012224
0.0012232
0.0012247
0.0012267
0.0012265
0.0012263
0.0012254
0.0012256
0.0012237
0.0012211
0.0012169
0.0012113
0.0012065
0.0012022
0.0011982
0.0011957
0.0011941
0.0011919
0.0011903
0.0011882
0.0011872
0.0011869
0.0011864
0.0011857
0.0011846
0.0011836
0.0011828
0.0011812
0.0011792
0.0011772
0.0011772
0.0011755
0.0011724
0.0011694
0.0011669
0.0011644
0.0011616
0.0011592
0.0011566
0.0011543
0.0011522
0.0011497
0.0011484
0.0011476
0.0011479
0.0011492
0.0011507
0.0011523
0.0011533
0.0011540
0.0011542
0.0011549
0.0011559
0.0011565
0.0011563
0.0011564
0.0011567
0.0011574
0.0011576
0.0011579
0.0011573
0.0011559
0.0011557
0.0011562
0.0011569
0.0011581
0.0011583
0.0011582
0.0011584
0.0011581
0.0011587
0.0011606
0.0011624
0.0011639
0.0011657
0.0011672
0.0011683
0.0011688
0.0011701
0.0011705
0.0011715
0.0011723
0.0011727
0.0011732
0.0011742
0.0011733
0.0011724
0.0011710
0.0011696
0.0011685
0.0011677
0.0011669
0.0011657
0.0011650
0.0011655
0.0011666
0.0011672
0.0011664
0.0011654
0.0011641
0.0011617
0.0011589
0.0011573
0.0011560
0.0011555
0.0011549
0.0011549
0.0011545
0.0011549
0.0011552
0.0011530
0.0011509
0.0011491
0.0011483
0.0011455
0.0011428
0.0011395
0.0011377
0.0011363
0.0011339
0.0011317
0.0011286
0.0011263
0.0011237
0.0011221
0.0011211
0.0011215
0.0011208
0.0011196
0.0011187
0.0011178
0.0011170
0.0011166
0.0011155
0.0011159
0.0011160
0.0011166
0.0011168
0.0011164
0.0011144
0.0011128
0.0011105
0.0011082
0.0011053
0.0011029
0.0010999
0.0010967
0.0010925
0.0010896
0.0010865
0.0010839
0.0010820
0.0010797
0.0010787
0.0010779
0.0010770
0.0010778
0.0010775
0.0010768
0.0010764
0.0010765
0.0010762
0.0010741
0.0010727
0.0010713
0.0010685
0.0010655
0.0010625
0.0010588
0.0010561
0.0010552
0.0010544
0.0010522
0.0010504
0.0010480
0.0010459
0.0010417
0.0010372
0.0010349
0.0010326
0.0010308
0.0010291
0.0010263
0.0010231
0.0010202
0.0010183
0.0010180
0.0010166
0.0010165
0.0010150
0.0010123
0.0010095
0.0010070
0.0010041
0.0010013
0.0009990
0.0009948
0.0009894
0.0009836
0.0009786
0.0009760
0.0009746
0.0009728
0.0009709
0.0009690
0.0009683
0.0009679
0.0009677
0.0009691
0.0009712
0.0009722
0.0009719
0.0009713
0.0009701
0.0009701
0.0009702
0.0009692
0.0009686
0.0009669
0.0009651
0.0009619
0.0009584
0.0009528
0.0009476
0.0009430
0.0009377
0.0009337
0.0009304
0.0009269
0.0009247
0.0009221
0.0009197
0.0009177
0.0009157
0.0009144
0.0009138
0.0009130
0.0009118
0.0009119
0.0009123
0.0009114
0.0009125
0.0009131
0.0009145
0.0009148
0.0009140
0.0009141
0.0009125
0.0009111
0.0009085
0.0009064
0.0009030
0.0009017
0.0009015
0.0009014
0.0009021
0.0009037
0.0009053
0.0009055
0.0009053
0.0009052
0.0009056
0.0009059
0.0009053
0.0009058
0.0009065
0.0009063
0.0009060
0.0009054
0.0009048
0.0009045
0.0009047
0.0009047
0.0009035
0.0009026
0.0009019
0.0009009
0.0008997
0.0008977
0.0008957
0.0008933
0.0008902
0.0008879
0.0008858
0.0008824
0.0008781
0.0008735
0.0008687
0.0008636
0.0008584
0.0008525
0.0008458
0.0008400
0.0008338
0.0008281
0.0008228
0.0008177
0.0008142
0.0008115
0.0008092
0.0008081
0.0008065
0.0008053
0.0008044
0.0008033
0.0008027
0.0008019
0.0007996
0.0007975
0.0007957
0.0007945
0.0007916
0.0007913
0.0007909
0.0007894
0.0007890
0.0007887
0.0007878
0.0007872
0.0007873
0.0007857
0.0007850
0.0007835
0.0007814
0.0007807
0.0007802
0.0007797
0.0007813
0.0007835
0.0007845
0.0007848
0.0007852
0.0007857
0.0007850
0.0007825
0.0007799
0.0007784
0.0007761
0.0007747
0.0007719
0.0007677
0.0007641
0.0007615
0.0007600
0.0007576
0.0007566
0.0007548
0.0007524
0.0007486
0.0007448
0.0007412
0.0007382
0.0007360
0.0007334
0.0007290
0.0007252
0.0007211
0.0007160
0.0007108
0.0007056
0.0007000
0.0006949
0.0006905
0.0006849
0.0006794
0.0006758
0.0006717
0.0006684
0.0006648
0.0006617
0.0006578
0.0006536
0.0006525
0.0006509
0.0006474
0.0006450
0.0006432
0.0006420
0.0006410
0.0006393
0.0006374
0.0006339
0.0006293
0.0006251
0.0006206
0.0006173
0.0006137
0.0006106
0.0006065
0.0006014
0.0005965
0.0005918
0.0005883
0.0005849
0.0005818
0.0005795
0.0005767
0.0005737
0.0005705
0.0005677
0.0005658
0.0005627
0.0005597
0.0005574
0.0005536
0.0005486
0.0005436
0.0005370
0.0005313
0.0005269
0.0005220
0.0005155
0.0005114
0.0005060
0.0005018
0.0004984
0.0004946
0.0004907
0.0004855
0.0004798
0.0004753
0.0004697
0.0004639
0.0004575
0.0004510
0.0004430
0.0004354
0.0004274
0.0004199
0.0004120
0.0004046
0.0003975
0.0003903
0.0003831
0.0003764
0.0003713
0.0003663
0.0003618
0.0003578
0.0003525
0.0003480
0.0003424
0.0003363
0.0003310
0.0003256
0.0003210
0.0003153
0.0003096
0.0003037
0.0002990
0.0002935
0.0002883
0.0002841
0.0002797
0.0002753
0.0002721
0.0002690
0.0002659
0.0002638
0.0002626
0.0002626
0.0002620
0.0002614
0.0002621
0.0002615
0.0002599
0.0002574
0.0002548
0.0002516
0.0002500
0.0002489
0.0002492
0.0002492
0.0002489
0.0002481
0.0002472
0.0002459
0.0002426
0.0002399
0.0002377
0.0002349
0.0002339
0.0002325
0.0002321
0.0002313
0.0002316
0.0002324
0.0002330
0.0002337
0.0002342
0.0002340
0.0002349
0.0002365
0.0002392
0.0002421
0.0002454
0.0002485
0.0002517
0.0002546
0.0002576
0.0002599
0.0002624
0.0002637
0.0002647
0.0002660
0.0002675
0.0002691
0.0002713
0.0002734
0.0002742
0.0002750
0.0002759
0.0002777
0.0002796
0.0002822
0.0002847
0.0002870
0.0002896
0.0002914
0.0002930
0.0002944
0.0002968
0.0002993
0.0003015
0.0003034
0.0003058
0.0003084
0.0003106
0.0003126
0.0003145
0.0003171
0.0003202
0.0003219
0.0003239
0.0003256
0.0003258
0.0003264
0.0003258
0.0003254
0.0003243
0.0003237
0.0003233
0.0003230
0.0003241
0.0003235
0.0003230
0.0003219
0.0003201
0.0003178
0.0003140
0.0003093
0.0003056
0.0003015
0.0002970
0.0002929
0.0002892
0.0002853
0.0002820
0.0002780
0.0002751
0.0002728
0.0002703
0.0002673
0.0002643
0.0002608
0.0002575
0.0002561
0.0002549
0.0002535
0.0002520
0.0002497
0.0002474
0.0002456
0.0002445
0.0002435
0.0002435
0.0002428
0.0002422
0.0002419
0.0002415
0.0002408
0.0002399
0.0002398
0.0002399
0.0002400
0.0002401
0.0002401
0.0002413
0.0002419
0.0002425
0.0002409
0.0002392
0.0002374
0.0002358
0.0002336
0.0002309
0.0002275
0.0002239
0.0002207
0.0002174
0.0002136
0.0002096
0.0002061
0.0002031
0.0002009
0.0001984
0.0001961
0.0001929
0.0001890
0.0001843
0.0001796
0.0001739
0.0001685
0.0001639
0.0001588
0.0001537
0.0001491
0.0001447
0.0001398
0.0001351
0.0001306
0.0001264
0.0001209
0.0001172
0.0001149
0.0001130
0.0001101
0.0001077
0.0001061
0.0001055
0.0001044
0.0001032
0.0001035
0.0001039
0.0001052
0.0001063
0.0001080
0.0001096
0.0001103
0.0001112
0.0001128
0.0001124
0.0001151
0.0001172
0.0001193
0.0001207
0.0001217
0.0001224
0.0001237
0.0001257
0.0001273
0.0001281
0.0001283
0.0001281
0.0001281
0.0001281
0.0001292
0.0001288
0.0001284
0.0001299
0.0001307
0.0001332
0.0001345
0.0001371
0.0001402
0.0001418
0.0001434
0.0001446
0.0001460
0.0001466
0.0001477
0.0001486
0.0001506
0.0001524
0.0001533
0.0001550
0.0001566
0.0001582
0.0001598
0.0001606
0.0001607
0.0001611
0.0001618
0.0001627
0.0001634
0.0001638
0.0001628
0.0001623
0.0001598
0.0001585
0.0001575
0.0001565
0.0001547
0.0001532
0.0001514
0.0001507
0.0001485
0.0001455
0.0001422
0.0001396
0.0001377
0.0001370
0.0001366
0.0001358
0.0001343
0.0001323
0.0001300
0.0001279
0.0001263
0.0001258
0.0001241
0.0001228
0.0001192
0.0001155
0.0001128
0.0001120
0.0001112
0.0001103
0.0001081
0.0001055
0.0001035
0.0000999
0.0000967
0.0000937
0.0000904
0.0000867
0.0000828
0.0000798
0.0000760
0.0000729
0.0000685
0.0000629
0.0000571
0.0000509
0.0000459
0.0000407
0.0000371
0.0000338
0.0000306
0.0000275
0.0000234
0.0000182
0.0000123
0.0000056
-0.0000011
-0.0000085
-0.0000163
-0.0000220
-0.0000267
-0.0000309
-0.0000335
-0.0000366
-0.0000394
-0.0000415
-0.0000435
-0.0000454
-0.0000477
-0.0000513
-0.0000548
-0.0000579
-0.0000614
-0.0000649
-0.0000682
-0.0000701
-0.0000715
-0.0000720
-0.0000728
-0.0000739
-0.0000734
-0.0000734
-0.0000724
-0.0000714
-0.0000718
-0.0000712
-0.0000704
-0.0000704
-0.0000702
-0.0000714
-0.0000720
-0.0000734
-0.0000747
-0.0000768
-0.0000797
-0.0000830
-0.0000846
-0.0000858
-0.0000867
-0.0000890
-0.0000906
-0.0000924
-0.0000946
-0.0000974
-0.0001003
-0.0001034
-0.0001058
-0.0001080
-0.0001102
-0.0001116
-0.0001138
-0.0001154
-0.0001174
-0.0001198
-0.0001209
-0.0001233
-0.0001253
-0.0001275
-0.0001292
-0.0001306
-0.0001319
-0.0001329
-0.0001339
-0.0001339
-0.0001348
-0.0001348
-0.0001358
-0.0001349
-0.0001327
-0.0001304
-0.0001277
-0.0001240
-0.0001212
-0.0001195
-0.0001182
-0.0001190
-0.0001188
-0.0001176
-0.0001165
-0.0001162
-0.0001158
-0.0001156
-0.0001135
-0.0001113
-0.0001090
-0.0001062
-0.0001036
-0.0001023
-0.0001017
-0.0001016
-0.0001009
-0.0000996
-0.0000989
-0.0000972
-0.0000953
-0.0000926
-0.0000916
-0.0000900
-0.0000880
-0.0000856
-0.0000834
-0.0000822
-0.0000795
-0.0000758
-0.0000727
-0.0000706
-0.0000690
-0.0000694
-0.0000694
-0.0000693
-0.0000684
-0.0000669
-0.0000660
-0.0000659
-0.0000666
-0.0000678
-0.0000690
-0.0000701
-0.0000707
-0.0000711
-0.0000716
-0.0000725
-0.0000730
-0.0000741
-0.0000756
-0.0000768
-0.0000787
-0.0000804
-0.0000818
-0.0000813
-0.0000802
-0.0000789
-0.0000767
-0.0000744
-0.0000708
-0.0000677
-0.0000639
-0.0000614
-0.0000588
-0.0000561
-0.0000528
-0.0000497
-0.0000464
-0.0000446
-0.0000413
-0.0000393
-0.0000382
-0.0000380
-0.0000375
-0.0000379
-0.0000387
-0.0000407
-0.0000410
-0.0000403
-0.0000384
-0.0000358
-0.0000344
-0.0000320
-0.0000296
-0.0000266
-0.0000232
-0.0000194
-0.0000163
-0.0000130
-0.0000111
-0.0000088
-0.0000069
-0.0000056
-0.0000037
-0.0000023
-0.0000013
0.0000001
0.0000018
0.0000030
0.0000044
0.0000070
0.0000085
0.0000090
0.0000105
0.0000119
0.0000130
0.0000157
0.0000171
0.0000180
0.0000191
0.0000217
0.0000236
0.0000245
0.0000251
0.0000258
0.0000268
0.0000276
0.0000295
0.0000324
0.0000354
0.0000386
0.0000410
0.0000437
0.0000472
0.0000498
0.0000528
0.0000555
0.0000569
0.0000590
0.0000616
0.0000651
0.0000677
0.0000695
0.0000713
0.0000740
0.0000777
0.0000805
0.0000831
0.0000860
0.0000888
0.0000938
0.0000995
0.0001048
0.0001105
0.0001168
0.0001243
0.0001311
0.0001371
0.0001419
0.0001462
0.0001513
0.0001566
0.0001627
0.0001695
0.0001739
0.0001779
0.0001820
0.0001854
0.0001882
0.0001900
0.0001910
0.0001931
0.0001951
0.0001973
0.0002003
0.0002015
0.0002022
0.0002025
0.0002040
0.0002067
0.0002100
0.0002120
0.0002156
0.0002188
0.0002217
0.0002242
0.0002271
0.0002302
0.0002332
0.0002380
0.0002436
0.0002490
0.0002544
0.0002602
0.0002658
0.0002709
0.0002762
0.0002823
0.0002872
0.0002911
0.0002954
0.0003000
0.0003050
0.0003105
0.0003164
0.0003220
0.0003270
0.0003319
0.0003371
0.0003422
0.0003475
0.0003520
0.0003564
0.0003594
0.0003624
0.0003653
0.0003693
0.0003724
0.0003759
0.0003792
0.0003821
0.0003850
0.0003876
0.0003910
0.0003931
0.0003941
0.0003958
0.0003973
0.0003974
0.0003981
0.0003990
0.0003996
0.0004013
0.0004017
0.0004028
0.0004052
0.0004083
0.0004125
0.0004167
0.0004207
0.0004246
0.0004278
0.0004313
0.0004337
0.0004348
0.0004369
0.0004387
0.0004403
0.0004423
0.0004434
0.0004446
0.0004471
0.0004502
0.0004542
0.0004574
0.0004607
0.0004632
0.0004668
0.0004701
0.0004730
0.0004759
0.0004775
0.0004778
0.0004782
0.0004800
0.0004821
0.0004840
0.0004860
0.0004886
0.0004903
0.0004933
0.0004961
0.0004990
0.0005018
0.0005047
0.0005078
0.0005107
0.0005139
0.0005167
0.0005195
0.0005216
0.0005251
0.0005280
0.0005305
0.0005327
0.0005351
0.0005366
0.0005380
0.0005401
0.0005416
0.0005417
0.0005413
0.0005411
0.0005414
0.0005425
0.0005432
0.0005440
0.0005446
0.0005453
0.0005463
0.0005481
0.0005494
0.0005508
0.0005528
0.0005537
0.0005551
0.0005559
0.0005565
0.0005570
0.0005579
0.0005589
0.0005591
0.0005590
0.0005575
0.0005569
0.0005560
0.0005547
0.0005544
0.0005533
0.0005521
0.0005513
0.0005498
0.0005483
0.0005471
0.0005461
0.0005449
0.0005440
0.0005432
0.0005432
0.0005420
0.0005423
0.0005416
0.0005411
0.0005417
0.0005430
0.0005451
0.0005467
0.0005476
0.0005508
0.0005526
0.0005547
0.0005567
0.0005599
0.0005617
0.0005626
0.0005636
0.0005646
0.0005662
0.0005665
0.0005685
0.0005698
0.0005725
0.0005742
0.0005753
0.0005770
0.0005787
0.0005791
0.0005782
0.0005776
0.0005760
0.0005747
0.0005729
0.0005702
0.0005689
0.0005678
0.0005669
0.0005674
0.0005672
0.0005659
0.0005643
0.0005621
0.0005588
0.0005554
0.0005528
0.0005497
0.0005467
0.0005442
0.0005425
0.0005406
0.0005410
0.0005430
0.0005451
0.0005469
0.0005487
0.0005501
0.0005517
0.0005535
0.0005551
0.0005572
0.0005601
0.0005613
0.0005624
0.0005656
0.0005693
0.0005729
0.0005768
0.0005789
0.0005808
0.0005822
0.0005830
0.0005856
0.0005877
0.0005904
0.0005930
0.0005955
0.0005994
0.0006020
0.0006057
0.0006083
0.0006100
0.0006117
0.0006148
0.0006173
0.0006189
0.0006203
0.0006231
0.0006273
0.0006306
0.0006336
0.0006360
0.0006386
0.0006404
0.0006425
0.0006441
0.0006458
0.0006482
0.0006516
0.0006549
0.0006578
0.0006598
0.0006626
0.0006642
0.0006657
0.0006671
0.0006687
0.0006703
0.0006722
0.0006750
0.0006781
0.0006811
0.0006831
0.0006857
0.0006886
0.0006919
0.0006953
0.0006984
0.0007003
0.0007015
0.0007033
0.0007055
0.0007082
0.0007110
0.0007128
0.0007135
0.0007150
0.0007173
0.0007210
0.0007244
0.0007274
0.0007297
0.0007316
0.0007312
0.0007310
0.0007291
0.0007268
0.0007241
0.0007217
0.0007192
0.0007174
0.0007151
0.0007117
0.0007095
0.0007070
0.0007058
0.0007038
0.0007027
0.0007022
0.0007011
0.0007010
0.0007016
0.0007027
0.0007048
0.0007054
0.0007064
0.0007085
0.0007092
0.0007113
0.0007134
0.0007158
0.0007176
0.0007195
0.0007211
0.0007238
0.0007272
0.0007296
0.0007321
0.0007348
0.0007358
0.0007354
0.0007358
0.0007363
0.0007355
0.0007345
0.0007349
0.0007346
0.0007352
0.0007375
0.0007395
0.0007422
0.0007448
0.0007485
0.0007521
0.0007555
0.0007593
0.0007624
0.0007652
0.0007672
0.0007702
0.0007720
0.0007735
0.0007748
0.0007758
0.0007756
0.0007768
0.0007783
0.0007793
0.0007807
0.0007829
0.0007850
0.0007848
0.0007847
0.0007845
0.0007845
0.0007836
0.0007836
0.0007836
0.0007832
0.0007824
0.0007808
0.0007785
0.0007770
0.0007761
0.0007748
0.0007739
0.0007724
0.0007696
0.0007675
0.0007649
0.0007627
0.0007602
0.0007578
0.0007556
0.0007538
0.0007538
0.0007526
0.0007512
0.0007502
0.0007498
0.0007485
0.0007478
0.0007466
0.0007459
0.0007452
0.0007444
0.0007436
0.0007421
0.0007418
0.0007412
0.0007397
0.0007379
0.0007370
0.0007347
0.0007332
0.0007303
0.0007266
0.0007222
0.0007173
0.0007114
0.0007068
0.0007036
0.0007006
0.0006984
0.0006965
0.0006946
0.0006930
0.0006904
0.0006877
0.0006863
0.0006846
0.0006813
0.0006778
0.0006739
0.0006697
0.0006654
0.0006625
0.0006593
0.0006565
0.0006529
0.0006486
0.0006456
0.0006431
0.0006405
0.0006381
0.0006358
0.0006337
0.0006324
0.0006320
0.0006313
0.0006303
0.0006306
0.0006307
0.0006279
0.0006232
0.0006194
0.0006166
0.0006133
0.0006097
0.0006065
0.0006032
0.0005992
0.0005958
0.0005932
0.0005919
0.0005908
0.0005904
0.0005902
0.0005898
0.0005903
0.0005908
0.0005921
0.0005930
0.0005957
0.0005978
0.0005989
0.0006004
0.0006014
0.0006021
0.0006015
0.0006010
0.0005998
0.0005967
0.0005941
0.0005919
0.0005897
0.0005864
0.0005815
0.0005766
0.0005726
0.0005693
0.0005646
0.0005590
0.0005553
0.0005519
0.0005482
0.0005451
0.0005428
0.0005410
0.0005388
0.0005361
0.0005334
0.0005305
0.0005288
0.0005289
0.0005290
0.0005278
0.0005254
0.0005225
0.0005194
0.0005172
0.0005148
0.0005126
0.0005108
0.0005090
0.0005070
0.0005061
0.0005053
0.0005049
0.0005032
0.0005015
0.0004995
0.0004967
0.0004941
0.0004913
0.0004868
0.0004823
0.0004775
0.0004724
0.0004674
0.0004633
0.0004593
0.0004559
0.0004533
0.0004511
0.0004487
0.0004461
0.0004446
0.0004442
0.0004457
0.0004452
0.0004429
0.0004411
0.0004384
0.0004346
0.0004305
0.0004267
0.0004231
0.0004206
0.0004177
0.0004148
0.0004127
0.0004113
0.0004084
0.0004060
0.0004043
0.0004030
0.0004013
0.0003994
0.0003980
0.0003959
0.0003940
0.0003907
0.0003871
0.0003846
0.0003831
0.0003811
0.0003794
0.0003768
0.0003733
0.0003711
0.0003692
0.0003667
0.0003644
0.0003630
0.0003623
0.0003605
0.0003575
0.0003561
0.0003536
0.0003504
0.0003481
0.0003455
0.0003416
0.0003365
0.0003317
0.0003264
0.0003214
0.0003151
0.0003096
0.0003042
0.0003004
0.0002957
0.0002918
0.0002897
0.0002875
0.0002855
0.0002845
0.0002828
0.0002815
0.0002796
0.0002765
0.0002730
0.0002697
0.0002682
0.0002656
0.0002636
0.0002622
0.0002599
0.0002582
0.0002562
0.0002542
0.0002525
0.0002515
0.0002511
0.0002491
0.0002471
0.0002454
0.0002436
0.0002420
0.0002414
0.0002407
0.0002396
0.0002373
0.0002365
0.0002348
0.0002333
0.0002313
0.0002296
0.0002277
0.0002248
0.0002219
0.0002190
0.0002155
0.0002126
0.0002102
0.0002073
0.0002043
0.0002012
0.0001968
0.0001920
0.0001870
0.0001825
0.0001779
0.0001747
0.0001716
0.0001690
0.0001671
0.0001651
0.0001642
0.0001631
0.0001624
0.0001619
0.0001613
0.0001609
0.0001608
0.0001603
0.0001612
0.0001616
0.0001624
0.0001628
0.0001633
0.0001631
0.0001626
0.0001627
0.0001618
0.0001612
0.0001607
0.0001605
0.0001615
0.0001633
0.0001657
0.0001686
0.0001715
0.0001737
0.0001759
0.0001765
0.0001776
0.0001793
0.0001802
0.0001813
0.0001810
0.0001804
0.0001813
0.0001816
0.0001812
0.0001819
0.0001812
0.0001804
0.0001794
0.0001784
0.0001786
0.0001779
0.0001804
0.0001828
0.0001838
0.0001848
0.0001876
0.0001896
0.0001905
0.0001912
0.0001925
0.0001936
0.0001952
0.0001982
0.0002010
0.0002040
0.0002083
0.0002113
0.0002143
0.0002168
0.0002192
0.0002230
0.0002249
0.0002271
0.0002287
0.0002307
0.0002335
0.0002364
0.0002394
0.0002432
0.0002464
0.0002499
0.0002551
0.0002594
0.0002633
0.0002680
0.0002721
0.0002763
0.0002804
0.0002840
0.0002868
0.0002900
0.0002924
0.0002962
0.0003000
0.0003019
0.0003039
0.0003043
0.0003049
0.0003065
0.0003075
0.0003095
0.0003108
0.0003110
0.0003117
0.0003126
0.0003135
0.0003142
0.0003155
0.0003172
0.0003193
0.0003214
0.0003239
0.0003267
0.0003311
0.0003358
0.0003410
0.0003470
0.0003523
0.0003571
0.0003609
0.0003644
0.0003674
0.0003714
0.0003729
0.0003754
0.0003778
0.0003793
0.0003827
0.0003868
0.0003912
0.0003953
0.0003993
0.0004036
0.0004081
0.0004123
0.0004156
0.0004175
0.0004198
0.0004223
0.0004245
0.0004275
0.0004304
0.0004328
0.0004349
0.0004367
0.0004399
0.0004446
0.0004480
0.0004512
0.0004545
0.0004572
0.0004590
0.0004606
0.0004618
0.0004618
0.0004609
0.0004603
0.0004607
0.0004595
0.0004575
0.0004548
0.0004505
0.0004479
0.0004442
0.0004412
0.0004379
0.0004343
0.0004311
0.0004280
0.0004251
0.0004232
0.0004223
0.0004211
0.0004206
0.0004199
0.0004190
0.0004181
0.0004174
0.0004164
0.0004148
0.0004134
0.0004106
0.0004084
0.0004073
0.0004069
0.0004069
0.0004068
0.0004077
0.0004089
0.0004116
0.0004153
0.0004192
0.0004232
0.0004269
0.0004312
0.0004346
0.0004375
0.0004412
0.0004452
0.0004477
0.0004494
0.0004502
0.0004523
0.0004536
0.0004532
0.0004530
0.0004543
0.0004552
0.0004548
0.0004559
0.0004547
0.0004533
0.0004533
0.0004536
0.0004540
0.0004551
0.0004564
0.0004576
0.0004588
0.0004608
0.0004618
0.0004608
0.0004607
0.0004611
0.0004607
0.0004605
0.0004602
0.0004607
0.0004599
0.0004582
0.0004578
0.0004569
0.0004569
0.0004574
0.0004578
0.0004574
0.0004591
0.0004602
0.0004621
0.0004637
0.0004645
0.0004639
0.0004639
0.0004635
0.0004639
0.0004653
0.0004674
0.0004698
0.0004706
0.0004721
0.0004713
0.0004714
0.0004717
0.0004735
0.0004749
0.0004757
0.0004763
0.0004752
0.0004738
0.0004743
0.0004746
0.0004749
0.0004743
0.0004732
0.0004723
0.0004719
0.0004710
0.0004698
0.0004687
0.0004684
0.0004691
0.0004699
0.0004709
0.0004718
0.0004745
0.0004788
0.0004842
0.0004879
0.0004917
0.0004954
0.0004991
0.0005037
0.0005082
0.0005122
0.0005151
0.0005184
0.0005203
0.0005227
0.0005255
0.0005278
0.0005301
0.0005326
0.0005345
0.0005364
0.0005393
0.0005414
0.0005436
0.0005469
0.0005504
0.0005535
0.0005562
0.0005580
0.0005588
0.0005605
0.0005627
0.0005650
0.0005673
0.0005698
0.0005724
0.0005753
0.0005776
0.0005795
0.0005810
0.0005825
0.0005851
0.0005876
0.0005906
0.0005932
0.0005949
0.0005960
0.0005966
0.0005979
0.0005990
0.0006010
0.0006025
0.0006031
0.0006045
0.0006067
0.0006094
0.0006121
0.0006144
0.0006164
0.0006190
0.0006221
0.0006242
0.0006258
0.0006263
0.0006270
0.0006284
0.0006292
0.0006295
0.0006295
0.0006303
0.0006305
0.0006306
0.0006302
0.0006297
0.0006286
0.0006293
0.0006300
0.0006310
0.0006315
0.0006305
0.0006294
0.0006282
0.0006278
0.0006274
0.0006277
0.0006283
0.0006296
0.0006297
0.0006304
0.0006315
0.0006327
0.0006346
0.0006372
0.0006402
0.0006427
0.0006454
0.0006473
0.0006495
0.0006503
0.0006508
0.0006508
0.0006515
0.0006505
0.0006509
0.0006507
0.0006509
0.0006516
0.0006539
0.0006559
0.0006573
0.0006592
0.0006620
0.0006654
0.0006684
0.0006713
0.0006758
0.0006792
0.0006810
0.0006821
0.0006837
0.0006870
0.0006903
0.0006939
0.0006963
0.0006997
0.0007016
0.0007037
0.0007069
0.0007098
0.0007117
0.0007133
0.0007143
0.0007143
0.0007157
0.0007179
0.0007202
0.0007227
0.0007254
0.0007282
0.0007288
0.0007295
0.0007303
0.0007303
0.0007298
0.0007291
0.0007295
0.0007297
0.0007303
0.0007326
0.0007353
0.0007377
0.0007401
0.0007425
0.0007438
0.0007445
0.0007452
0.0007464
0.0007480
0.0007498
0.0007517
0.0007535
0.0007550
0.0007565
0.0007578
0.0007587
0.0007596
0.0007603
0.0007600
0.0007619
0.0007632
0.0007638
0.0007649
0.0007646
0.0007630
0.0007599
0.0007572
0.0007549
0.0007527
0.0007515
0.0007507
0.0007498
0.0007486
0.0007472
0.0007457
0.0007438
0.0007425
0.0007399
0.0007374
0.0007346
0.0007309
0.0007285
0.0007247
0.0007217
0.0007206
0.0007205
0.0007208
0.0007196
0.0007188
0.0007175
0.0007159
0.0007148
0.0007145
0.0007153
0.0007177
0.0007194
0.0007212
0.0007230
0.0007255
0.0007271
0.0007291
0.0007327
0.0007361
0.0007396
0.0007422
0.0007451
0.0007485
0.0007510
0.0007532
0.0007553
0.0007584
0.0007624
0.0007652
0.0007684
0.0007723
0.0007756
0.0007781
0.0007812
0.0007846
0.0007874
0.0007894
0.0007918
0.0007939
0.0007967
0.0007990
0.0008011
0.0008031
0.0008055
0.0008078
0.0008091
0.0008107
0.0008134
0.0008155
0.0008173
0.0008190
0.0008203
0.0008218
0.0008236
0.0008256
0.0008284
0.0008306
0.0008326
0.0008350
0.0008372
0.0008384
0.0008404
0.0008423
0.0008440
0.0008471
0.0008516
0.0008570
0.0008618
0.0008650
0.0008685
0.0008713
0.0008741
0.0008769
0.0008788
0.0008814
0.0008854
0.0008902
0.0008959
0.0009008
0.0009051
0.0009090
0.0009125
0.0009156
0.0009173
0.0009197
0.0009204
0.0009210
0.0009228
0.0009235
0.0009242
0.0009250
0.0009271
0.0009286
0.0009308
0.0009330
0.0009346
0.0009364
0.0009382
0.0009414
0.0009450
0.0009504
0.0009541
0.0009585
0.0009634
0.0009682
0.0009716
0.0009737
0.0009771
0.0009804
0.0009834
0.0009878
0.0009923
0.0009965
0.0010002
0.0010026
0.0010036
0.0010041
0.0010040
0.0010044
0.0010064
0.0010107
0.0010154
0.0010195
0.0010219
0.0010248
0.0010286
0.0010327
0.0010353
0.0010362
0.0010371
0.0010380
0.0010389
0.0010406
0.0010418
0.0010438
0.0010448
0.0010467
0.0010491
0.0010527
0.0010566
0.0010607
0.0010650
0.0010692
0.0010741
0.0010783
0.0010821
0.0010856
0.0010904
0.0010948
0.0010984
0.0011023
0.0011062
0.0011089
0.0011116
0.0011120
0.0011119
0.0011115
0.0011111
0.0011102
0.0011103
0.0011099
0.0011085
0.0011075
0.0011069
0.0011070
0.0011065
0.0011068
0.0011056
0.0011038
0.0011024
0.0011005
0.0010991
0.0010989
0.0010988
0.0010978
0.0010963
0.0010953
0.0010947
0.0010932
0.0010904
0.0010870
0.0010850
0.0010821
0.0010795
0.0010766
0.0010748
0.0010712
0.0010686
0.0010663
0.0010654
0.0010641
0.0010628
0.0010614
0.0010604
0.0010603
0.0010599
0.0010596
0.0010593
0.0010584
0.0010570
0.0010549
0.0010514
0.0010472
0.0010428
0.0010380
0.0010342
0.0010304
0.0010248
0.0010194
0.0010158
0.0010115
0.0010078
0.0010049
0.0010017
0.0009979
0.0009947
0.0009896
0.0009854
0.0009808
0.0009752
0.0009697
0.0009638
0.0009582
0.0009521
0.0009452
0.0009397
0.0009350
0.0009299
0.0009258
0.0009216
0.0009186
0.0009161
0.0009124
0.0009080
0.0009033
0.0008978
0.0008923
0.0008858
0.0008794
0.0008729
0.0008668
0.0008607
0.0008553
0.0008506
0.0008452
0.0008398
0.0008346
0.0008293
0.0008233
0.0008168
0.0008106
0.0008046
0.0007995
0.0007954
0.0007915
0.0007866
0.0007821
0.0007776
0.0007734
0.0007696
0.0007670
0.0007627
0.0007577
0.0007537
0.0007487
0.0007446
0.0007397
0.0007347
0.0007299
0.0007258
0.0007201
0.0007140
0.0007055
0.0006966
0.0006869
0.0006773
0.0006671
0.0006570
0.0006476
0.0006381
0.0006295
0.0006211
0.0006114
0.0006003
0.0005900
0.0005803
0.0005718
0.0005631
0.0005544
0.0005466
0.0005378
0.0005312
0.0005250
