0.0331397
0.0323977
0.0317229
0.0310970
0.0305140
0.0299608
0.0294327
0.0289309
0.0284458
0.0279786
0.0275243
0.0270845
0.0266620
0.0262494
0.0258475
0.0254541
0.0250724
0.0247001
0.0243383
0.0239828
0.0236314
0.0232900
0.0229521
0.0226204
0.0222961
0.0219758
0.0216596
0.0213527
0.0210551
0.0207666
0.0204850
0.0202063
0.0199345
0.0196676
0.0194007
0.0191388
0.0188785
0.0186251
0.0183793
0.0181367
0.0178958
0.0176611
0.0174299
0.0172032
0.0169790
0.0167538
0.0165303
0.0163074
0.0160899
0.0158799
0.0156742
0.0154723
0.0152706
0.0150724
0.0148772
0.0146847
0.0144954
0.0143107
0.0141266
0.0139459
0.0137672
0.0135893
0.0134122
0.0132411
0.0130707
0.0129012
0.0127311
0.0125634
0.0123971
0.0122316
0.0120700
0.0119095
0.0117488
0.0115911
0.0114311
0.0112773
0.0111270
0.0109784
0.0108292
0.0106816
0.0105372
0.0103961
0.0102565
0.0101194
0.0099862
0.0098538
0.0097227
0.0095963
0.0094717
0.0093447
0.0092198
0.0091009
0.0089825
0.0088688
0.0087532
0.0086399
0.0085266
0.0084125
0.0082970
0.0081836
0.0080704
0.0079596
0.0078511
0.0077430
0.0076362
0.0075355
0.0074385
0.0073387
0.0072382
0.0071414
0.0070483
0.0069561
0.0068687
0.0067798
0.0066914
0.0066031
0.0065142
0.0064262
0.0063401
0.0062569
0.0061733
0.0060901
0.0060087
0.0059246
0.0058419
0.0057598
0.0056819
0.0056076
0.0055319
0.0054561
0.0053835
0.0053119
0.0052399
0.0051681
0.0050968
0.0050255
0.0049544
0.0048841
0.0048182
0.0047543
0.0046937
0.0046342
0.0045757
0.0045206
0.0044667
0.0044117
0.0043617
0.0043134
0.0042662
0.0042197
0.0041781
0.0041369
0.0040999
0.0040603
0.0040216
0.0039824
0.0039419
0.0039014
0.0038617
0.0038197
0.0037793
0.0037393
0.0037001
0.0036627
0.0036239
0.0035844
0.0035431
0.0035035
0.0034655
0.0034279
0.0033924
0.0033583
0.0033234
0.0032908
0.0032560
0.0032229
0.0031861
0.0031534
0.0031231
0.0030916
0.0030613
0.0030309
0.0029972
0.0029639
0.0029308
0.0028949
0.0028584
0.0028201
0.0027822
0.0027476
0.0027121
0.0026766
0.0026396
0.0026083
0.0025789
0.0025473
0.0025189
0.0024896
0.0024600
0.0024297
0.0024013
0.0023730
0.0023480
0.0023230
0.0022960
0.0022686
0.0022431
0.0022205
0.0021943
0.0021713
0.0021456
0.0021193
0.0020917
0.0020627
0.0020346
0.0020049
0.0019767
0.0019502
0.0019243
0.0018965
0.0018705
0.0018454
0.0018211
0.0017989
0.0017762
0.0017555
0.0017352
0.0017142
0.0016950
0.0016730
0.0016509
0.0016316
0.0016134
0.0015985
0.0015854
0.0015749
0.0015656
0.0015564
0.0015498
0.0015441
0.0015368
0.0015296
0.0015226
0.0015128
0.0015025
0.0014952
0.0014873
0.0014809
0.0014744
0.0014663
0.0014567
0.0014500
0.0014437
0.0014345
0.0014224
0.0014113
0.0014037
0.0013958
0.0013870
0.0013780
0.0013682
0.0013578
0.0013463
0.0013336
0.0013228
0.0013113
0.0013030
0.0012983
0.0012933
0.0012906
0.0012882
0.0012834
0.0012816
0.0012792
0.0012760
0.0012719
0.0012711
0.0012690
0.0012662
0.0012614
0.0012564
0.0012477
0.0012385
0.0012289
0.0012217
0.0012145
0.0012110
0.0012085
0.0012087
0.0012069
0.0012054
0.0012009
0.0011962
0.0011949
0.0011908
0.0011881
0.0011828
0.0011808
0.0011793
0.0011773
0.0011754
0.0011728
0.0011711
0.0011677
0.0011637
0.0011571
0.0011501
0.0011439
0.0011375
0.0011318
0.0011239
0.0011213
0.0011186
0.0011156
0.0011126
0.0011079
0.0011035
0.0011025
0.0010968
0.0010841
0.0010725
0.0010605
0.0010496
0.0010384
0.0010275
0.0010153
0.0010022
0.0009901
0.0009789
0.0009663
0.0009539
0.0009425
0.0009311
0.0009190
0.0009091
0.0009004
0.0008924
0.0008859
0.0008796
0.0008759
0.0008705
0.0008639
0.0008526
0.0008428
0.0008341
0.0008265
0.0008201
0.0008124
0.0008048
0.0007984
0.0007906
0.0007809
0.0007762
0.0007705
0.0007657
0.0007555
0.0007460
0.0007341
0.0007235
0.0007151
0.0007048
0.0006982
0.0006920
0.0006848
0.0006792
0.0006744
0.0006692
0.0006624
0.0006575
0.0006511
0.0006428
0.0006342
0.0006271
0.0006197
0.0006128
0.0006079
0.0006044
0.0006000
0.0005941
0.0005911
0.0005860
0.0005827
0.0005783
0.0005749
0.0005707
0.0005660
0.0005613
0.0005573
0.0005565
0.0005575
0.0005585
0.0005594
0.0005620
0.0005666
0.0005713
0.0005730
0.0005751
0.0005773
0.0005777
0.0005814
0.0005833
0.0005876
0.0005920
0.0005981
0.0006012
0.0006014
0.0006005
0.0005992
0.0005958
0.0005926
0.0005888
0.0005892
0.0005920
0.0005927
0.0005945
0.0005955
0.0005970
0.0005984
0.0005969
0.0005974
0.0005976
0.0006001
0.0006021
0.0006054
0.0006099
0.0006125
0.0006133
0.0006126
0.0006121
0.0006127
0.0006117
0.0006104
0.0006092
0.0006106
0.0006122
0.0006132
0.0006102
0.0006084
0.0006082
0.0006088
0.0006046
0.0005995
0.0005940
0.0005876
0.0005812
0.0005755
0.0005688
0.0005597
0.0005530
0.0005487
0.0005437
0.0005389
0.0005321
0.0005250
0.0005189
0.0005164
0.0005122
0.0005085
0.0005086
0.0005051
0.0005014
0.0004996
0.0004976
0.0004955
0.0004918
0.0004875
0.0004848
0.0004823
0.0004814
0.0004827
0.0004843
0.0004859
0.0004860
0.0004851
0.0004833
0.0004793
0.0004733
0.0004644
0.0004548
0.0004453
0.0004384
0.0004315
0.0004230
0.0004136
0.0004073
0.0003990
0.0003931
0.0003892
0.0003822
0.0003764
0.0003680
0.0003579
0.0003455
0.0003389
0.0003327
0.0003269
0.0003217
0.0003181
0.0003139
0.0003070
0.0003012
0.0002963
0.0002950
0.0002944
0.0002928
0.0002878
0.0002839
0.0002828
0.0002834
0.0002809
0.0002758
0.0002696
0.0002618
0.0002508
0.0002386
0.0002242
0.0002089
0.0001962
0.0001818
0.0001667
0.0001532
0.0001413
0.0001320
0.0001193
0.0001096
0.0001006
0.0000940
0.0000922
0.0000928
0.0000902
0.0000890
0.0000892
0.0000895
0.0000883
0.0000867
0.0000855
0.0000836
0.0000791
0.0000771
0.0000747
0.0000714
0.0000686
0.0000619
0.0000592
0.0000575
0.0000527
0.0000473
0.0000435
0.0000413
0.0000377
0.0000324
0.0000262
0.0000199
0.0000151
0.0000108
0.0000066
0.0000003
-0.0000056
-0.0000117
-0.0000169
-0.0000233
-0.0000299
-0.0000393
-0.0000461
-0.0000514
-0.0000559
-0.0000569
-0.0000595
-0.0000640
-0.0000666
-0.0000699
-0.0000715
-0.0000716
-0.0000682
-0.0000640
-0.0000595
-0.0000568
-0.0000552
-0.0000501
-0.0000445
-0.0000388
-0.0000371
-0.0000381
-0.0000388
-0.0000403
-0.0000413
-0.0000432
-0.0000436
-0.0000452
-0.0000455
-0.0000441
-0.0000411
-0.0000378
-0.0000342
-0.0000306
-0.0000251
-0.0000200
-0.0000184
-0.0000174
-0.0000143
-0.0000079
-0.0000010
0.0000070
0.0000126
0.0000181
0.0000241
0.0000301
0.0000411
0.0000540
0.0000632
0.0000744
0.0000877
0.0000989
0.0001085
0.0001159
0.0001233
0.0001285
0.0001318
0.0001378
0.0001444
0.0001507
0.0001568
0.0001631
0.0001718
0.0001815
0.0001928
0.0002050
0.0002175
0.0002264
0.0002355
0.0002441
0.0002529
0.0002607
0.0002691
0.0002763
0.0002829
0.0002915
0.0003005
0.0003047
0.0003096
0.0003182
0.0003258
0.0003323
0.0003376
0.0003440
0.0003549
0.0003653
0.0003751
0.0003857
0.0003907
0.0003901
0.0003876
0.0003871
0.0003873
0.0003925
0.0003942
0.0003937
0.0003969
0.0003976
0.0003997
0.0004006
0.0003971
0.0003948
0.0003962
0.0003977
0.0003945
0.0003881
0.0003832
0.0003807
0.0003786
0.0003753
0.0003713
0.0003683
0.0003654
0.0003630
0.0003601
0.0003583
0.0003531
0.0003473
0.0003412
0.0003382
0.0003365
0.0003327
0.0003265
0.0003201
0.0003153
0.0003081
0.0003002
0.0002933
0.0002855
0.0002746
0.0002622
0.0002523
0.0002439
0.0002324
0.0002223
0.0002122
0.0002057
0.0002010
0.0001955
0.0001886
0.0001812
0.0001781
0.0001722
0.0001671
0.0001600
0.0001585
0.0001572
0.0001538
0.0001483
0.0001424
0.0001369
0.0001309
0.0001292
0.0001275
0.0001268
0.0001227
0.0001177
0.0001144
0.0001131
0.0001123
0.0001119
0.0001077
0.0001067
0.0001060
0.0001045
0.0001079
0.0001095
0.0001137
0.0001153
0.0001158
0.0001161
0.0001139
0.0001132
0.0001116
0.0001056
0.0001029
0.0000987
0.0000921
0.0000840
0.0000789
0.0000755
0.0000725
0.0000712
0.0000715
0.0000716
0.0000745
0.0000765
0.0000795
0.0000813
0.0000852
0.0000887
0.0000928
0.0000940
0.0000985
0.0001006
0.0000990
0.0000978
0.0000977
0.0000988
0.0000984
0.0001005
0.0001046
0.0001076
0.0001133
0.0001173
0.0001214
0.0001228
0.0001205
0.0001155
0.0001106
0.0001052
0.0001047
0.0001027
0.0000992
0.0000942
0.0000877
0.0000802
0.0000729
0.0000640
0.0000593
0.0000562
0.0000545
0.0000519
0.0000499
0.0000465
0.0000430
0.0000373
0.0000335
0.0000307
0.0000259
0.0000254
0.0000225
0.0000182
0.0000143
0.0000132
0.0000110
0.0000096
0.0000058
-0.0000000
-0.0000057
-0.0000122
-0.0000186
-0.0000258
-0.0000324
-0.0000392
-0.0000454
-0.0000529
-0.0000593
-0.0000668
-0.0000766
-0.0000833
-0.0000928
-0.0001017
-0.0001112
-0.0001188
-0.0001257
-0.0001301
-0.0001362
-0.0001421
-0.0001479
-0.0001516
-0.0001571
-0.0001612
-0.0001616
-0.0001644
-0.0001664
-0.0001679
-0.0001635
-0.0001607
-0.0001604
-0.0001644
-0.0001698
-0.0001726
-0.0001739
-0.0001745
-0.0001758
-0.0001764
-0.0001772
-0.0001752
-0.0001741
-0.0001737
-0.0001769
-0.0001801
-0.0001808
-0.0001803
-0.0001761
-0.0001686
-0.0001626
-0.0001548
-0.0001483
-0.0001419
-0.0001362
-0.0001303
-0.0001262
-0.0001195
-0.0001122
-0.0001013
-0.0000935
-0.0000831
-0.0000734
-0.0000640
-0.0000541
-0.0000487
-0.0000443
-0.0000402
-0.0000364
-0.0000312
-0.0000266
-0.0000195
-0.0000137
-0.0000128
-0.0000096
-0.0000065
-0.0000034
-0.0000026
-0.0000036
-0.0000030
0.0000015
0.0000063
0.0000127
0.0000193
0.0000252
0.0000320
0.0000382
0.0000436
0.0000483
0.0000527
0.0000591
0.0000653
0.0000723
0.0000798
0.0000842
0.0000893
0.0000941
0.0001013
0.0001086
0.0001144
0.0001209
0.0001296
0.0001393
0.0001500
0.0001615
0.0001705
0.0001810
0.0001912
0.0002045
0.0002166
0.0002274
0.0002354
0.0002464
0.0002548
0.0002633
0.0002725
0.0002812
0.0002867
0.0002934
0.0003002
0.0003051
0.0003129
0.0003188
0.0003250
0.0003291
0.0003319
0.0003375
0.0003413
0.0003439
0.0003489
0.0003562
0.0003655
0.0003729
0.0003822
0.0003918
0.0003987
0.0004010
0.0004030
0.0004045
0.0004068
0.0004081
0.0004135
0.0004167
0.0004197
0.0004236
0.0004302
0.0004384
0.0004515
0.0004636
0.0004699
0.0004755
0.0004786
0.0004853
0.0004903
0.0004987
0.0005045
0.0005109
0.0005180
0.0005268
0.0005320
0.0005425
0.0005504
0.0005596
0.0005684
0.0005769
0.0005824
0.0005867
0.0005910
0.0005966
0.0006014
0.0006082
0.0006135
0.0006186
0.0006233
0.0006290
0.0006339
0.0006397
0.0006437
0.0006474
0.0006506
0.0006530
0.0006562
0.0006602
0.0006613
0.0006616
0.0006637
0.0006630
0.0006621
0.0006619
0.0006640
0.0006636
0.0006612
0.0006572
0.0006534
0.0006488
0.0006440
0.0006406
0.0006380
0.0006382
0.0006435
0.0006510
0.0006572
0.0006615
0.0006677
0.0006739
0.0006774
0.0006853
0.0006942
0.0007018
0.0007097
0.0007179
0.0007267
0.0007335
0.0007404
0.0007492
0.0007581
0.0007662
0.0007756
0.0007857
0.0007958
0.0008055
0.0008175
0.0008337
0.0008466
0.0008624
0.0008823
0.0008999
0.0009138
0.0009299
0.0009407
0.0009486
0.0009589
0.0009702
0.0009834
0.0009941
0.0010063
0.0010146
0.0010222
0.0010298
0.0010364
0.0010384
0.0010429
0.0010495
0.0010525
0.0010513
0.0010503
0.0010474
0.0010458
0.0010462
0.0010488
0.0010475
0.0010472
0.0010516
0.0010567
0.0010588
0.0010581
0.0010580
0.0010597
0.0010590
0.0010605
0.0010596
0.0010606
0.0010604
0.0010607
0.0010617
0.0010578
0.0010529
0.0010481
0.0010421
0.0010364
0.0010311
0.0010251
0.0010195
0.0010143
0.0010104
0.0010052
0.0009999
0.0009971
0.0009964
0.0009930
0.0009862
0.0009770
0.0009671
0.0009590
0.0009518
0.0009449
0.0009389
0.0009344
0.0009306
0.0009264
0.0009269
0.0009259
0.0009253
0.0009269
0.0009275
0.0009274
0.0009273
0.0009303
0.0009345
0.0009353
0.0009369
0.0009387
0.0009385
0.0009360
0.0009321
0.0009287
0.0009224
0.0009129
0.0009032
0.0008980
0.0008926
0.0008862
0.0008818
0.0008769
0.0008732
0.0008702
0.0008645
0.0008619
0.0008611
0.0008575
0.0008551
0.0008521
0.0008533
0.0008545
0.0008550
0.0008566
0.0008586
0.0008583
0.0008571
0.0008610
0.0008603
0.0008594
0.0008593
0.0008570
0.0008543
0.0008514
0.0008490
0.0008418
0.0008351
0.0008246
0.0008170
0.0008094
0.0008003
0.0007936
0.0007880
0.0007808
0.0007772
0.0007741
0.0007658
0.0007562
0.0007454
0.0007393
0.0007385
0.0007370
0.0007343
0.0007335
0.0007337
0.0007323
0.0007313
0.0007301
0.0007254
0.0007234
0.0007188
0.0007140
0.0007118
0.0007102
0.0007085
0.0007060
0.0007031
0.0007017
0.0006995
0.0006929
0.0006840
0.0006793
0.0006758
0.0006710
0.0006692
0.0006633
0.0006562
0.0006494
0.0006406
0.0006321
0.0006231
0.0006109
0.0006025
0.0005925
0.0005855
0.0005756
0.0005637
0.0005543
0.0005412
0.0005276
0.0005164
0.0005081
0.0004974
0.0004867
0.0004766
0.0004661
0.0004563
0.0004423
0.0004264
0.0004103
0.0003935
0.0003780
0.0003618
0.0003462
0.0003341
0.0003201
0.0003047
0.0002884
0.0002758
0.0002661
0.0002568
0.0002506
0.0002441
0.0002386
0.0002319
0.0002231
0.0002130
0.0002050
0.0001943
0.0001871
0.0001805
0.0001714
0.0001626
0.0001559
0.0001517
0.0001488
0.0001466
0.0001445
0.0001386
0.0001335
0.0001309
0.0001238
0.0001182
0.0001121
0.0001061
0.0000958
0.0000842
0.0000715
0.0000593
0.0000478
0.0000353
0.0000248
0.0000170
0.0000092
-0.0000007
-0.0000106
-0.0000212
-0.0000351
-0.0000474
-0.0000564
-0.0000681
-0.0000754
-0.0000822
-0.0000863
-0.0000909
-0.0000976
-0.0001019
-0.0001058
-0.0001098
-0.0001162
-0.0001227
-0.0001295
-0.0001352
-0.0001404
-0.0001449
-0.0001526
-0.0001623
-0.0001694
-0.0001756
-0.0001821
-0.0001898
-0.0001980
-0.0002056
-0.0002096
-0.0002139
-0.0002215
-0.0002284
-0.0002336
-0.0002371
-0.0002411
-0.0002468
-0.0002508
-0.0002541
-0.0002580
-0.0002603
-0.0002603
-0.0002603
-0.0002609
-0.0002595
-0.0002600
-0.0002614
-0.0002620
-0.0002630
-0.0002641
-0.0002631
-0.0002617
-0.0002621
-0.0002612
-0.0002624
-0.0002623
-0.0002620
-0.0002596
-0.0002564
-0.0002507
-0.0002462
-0.0002435
-0.0002416
-0.0002421
-0.0002468
-0.0002515
-0.0002520
-0.0002526
-0.0002520
-0.0002497
-0.0002447
-0.0002405
-0.0002360
-0.0002308
-0.0002245
-0.0002173
-0.0002106
-0.0002041
-0.0001962
-0.0001900
-0.0001817
-0.0001720
-0.0001629
-0.0001521
-0.0001445
-0.0001376
-0.0001318
-0.0001222
-0.0001149
-0.0001087
-0.0001017
-0.0000910
-0.0000790
-0.0000669
-0.0000553
-0.0000461
-0.0000408
-0.0000352
-0.0000330
-0.0000315
-0.0000300
-0.0000297
-0.0000286
-0.0000276
-0.0000245
-0.0000229
-0.0000209
-0.0000203
-0.0000213
-0.0000216
-0.0000234
-0.0000239
-0.0000239
-0.0000221
-0.0000207
-0.0000183
-0.0000163
-0.0000153
-0.0000143
-0.0000134
-0.0000127
-0.0000093
-0.0000081
-0.0000074
-0.0000052
-0.0000009
0.0000025
0.0000038
0.0000053
0.0000041
0.0000047
0.0000059
0.0000069
0.0000093
0.0000124
0.0000175
0.0000178
0.0000178
0.0000140
0.0000133
0.0000098
0.0000086
0.0000066
0.0000079
0.0000090
0.0000122
0.0000139
0.0000164
0.0000175
0.0000216
0.0000262
0.0000277
0.0000301
0.0000335
0.0000370
0.0000412
0.0000446
0.0000447
0.0000479
0.0000496
0.0000502
0.0000550
0.0000594
0.0000654
0.0000698
0.0000781
0.0000873
0.0000961
0.0001007
0.0001072
0.0001134
0.0001134
0.0001174
0.0001238
0.0001271
0.0001305
0.0001358
0.0001415
0.0001459
0.0001556
0.0001672
0.0001753
0.0001819
0.0001894
0.0001991
0.0002050
0.0002117
0.0002179
0.0002231
0.0002251
0.0002301
0.0002364
0.0002398
0.0002465
0.0002508
0.0002552
0.0002650
0.0002751
0.0002836
0.0002929
0.0003050
0.0003150
0.0003264
0.0003415
0.0003585
0.0003749
0.0003887
0.0004035
0.0004207
0.0004331
0.0004451
0.0004605
0.0004746
0.0004857
0.0004977
0.0005108
0.0005256
0.0005375
0.0005493
0.0005569
0.0005647
0.0005746
0.0005851
0.0005953
0.0006008
0.0006056
0.0006085
0.0006084
0.0006082
0.0006053
0.0006052
0.0006058
0.0006074
0.0006090
0.0006109
0.0006172
0.0006235
0.0006256
0.0006295
0.0006351
0.0006402
0.0006508
0.0006590
0.0006673
0.0006730
0.0006768
0.0006789
0.0006860
0.0006940
0.0007040
0.0007135
0.0007232
0.0007320
0.0007414
0.0007513
0.0007587
0.0007665
0.0007764
0.0007851
0.0007904
0.0007939
0.0007958
0.0007987
0.0007996
0.0008023
0.0008089
0.0008164
0.0008238
0.0008306
0.0008373
0.0008471
0.0008568
0.0008675
0.0008772
0.0008832
0.0008934
0.0009026
0.0009131
0.0009194
0.0009288
0.0009347
0.0009394
0.0009434
0.0009537
0.0009643
0.0009738
0.0009835
0.0009925
0.0010025
0.0010134
0.0010221
0.0010304
0.0010409
0.0010500
0.0010613
0.0010718
0.0010825
0.0010946
0.0011070
0.0011179
0.0011287
0.0011384
0.0011488
0.0011613
0.0011742
0.0011857
0.0011974
0.0012100
0.0012236
0.0012372
0.0012490
0.0012604
0.0012690
0.0012774
0.0012866
0.0012938
0.0012995
0.0013066
0.0013167
0.0013293
0.0013433
0.0013578
0.0013728
0.0013876
0.0013994
0.0014076
0.0014159
0.0014274
0.0014402
0.0014530
0.0014628
0.0014710
0.0014804
0.0014903
0.0014977
0.0015091
0.0015159
0.0015184
0.0015158
0.0015139
0.0015135
0.0015131
0.0015088
0.0015014
0.0014928
0.0014892
0.0014812
0.0014752
0.0014679
0.0014644
0.0014606
0.0014606
0.0014606
0.0014616
0.0014611
0.0014633
0.0014668
0.0014687
0.0014696
0.0014738
0.0014745
0.0014765
0.0014775
0.0014753
0.0014734
0.0014743
0.0014723
0.0014718
0.0014719
0.0014710
0.0014711
0.0014723
0.0014731
0.0014751
0.0014730
0.0014691
0.0014613
0.0014551
0.0014502
0.0014457
0.0014393
0.0014300
0.0014235
0.0014178
0.0014130
0.0014111
0.0014100
0.0014107
0.0014126
0.0014087
0.0014053
0.0014037
0.0013990
0.0013933
0.0013894
0.0013829
0.0013746
0.0013660
0.0013565
0.0013532
0.0013480
0.0013445
0.0013388
0.0013329
0.0013292
0.0013261
0.0013204
0.0013163
0.0013109
0.0013071
0.0013013
0.0012915
0.0012832
0.0012729
0.0012608
0.0012472
0.0012301
0.0012110
0.0011907
0.0011719
0.0011542
0.0011374
0.0011198
0.0011004
0.0010833
0.0010661
0.0010488
0.0010337
0.0010207
0.0010078
0.0009959
0.0009843
0.0009754
0.0009682
0.0009617
0.0009560
0.0009481
0.0009417
0.0009370
0.0009284
0.0009217
0.0009154
0.0009085
0.0009053
0.0008998
0.0008956
0.0008921
0.0008928
0.0008913
0.0008865
0.0008799
0.0008776
0.0008737
0.0008698
0.0008628
0.0008578
0.0008537
0.0008505
0.0008475
0.0008456
0.0008444
0.0008379
0.0008331
0.0008312
0.0008293
0.0008310
0.0008325
0.0008350
0.0008370
0.0008390
0.0008405
0.0008387
0.0008363
0.0008335
0.0008330
0.0008326
0.0008299
0.0008300
0.0008280
0.0008268
0.0008274
0.0008282
0.0008285
0.0008253
0.0008205
0.0008158
0.0008130
0.0008101
0.0008078
0.0008042
0.0007966
0.0007892
0.0007833
0.0007794
0.0007755
0.0007759
0.0007780
0.0007798
0.0007822
0.0007838
0.0007832
0.0007809
0.0007803
0.0007780
0.0007753
0.0007745
0.0007672
0.0007624
0.0007557
0.0007520
0.0007477
0.0007435
0.0007352
0.0007260
0.0007205
0.0007167
0.0007119
0.0007113
0.0007090
0.0007064
0.0007029
0.0006997
0.0006954
0.0006928
0.0006881
0.0006841
0.0006806
0.0006758
0.0006703
0.0006686
0.0006645
0.0006586
0.0006539
0.0006492
0.0006457
0.0006384
0.0006333
0.0006290
0.0006265
0.0006240
0.0006214
0.0006168
0.0006156
0.0006135
0.0006100
0.0006084
0.0006046
0.0006001
0.0005956
0.0005933
0.0005896
0.0005869
0.0005826
0.0005764
0.0005684
0.0005565
0.0005420
0.0005285
0.0005148
0.0005039
0.0004905
0.0004777
0.0004650
0.0004551
0.0004436
0.0004343
0.0004229
0.0004109
0.0003988
0.0003823
0.0003690
0.0003571
0.0003480
0.0003407
0.0003323
0.0003267
0.0003231
0.0003174
0.0003103
0.0003061
0.0003034
0.0002992
0.0002994
0.0002971
0.0002950
0.0002926
0.0002928
0.0002940
0.0002965
0.0002982
0.0002967
0.0002994
0.0003012
0.0003018
0.0003006
0.0003011
0.0003002
0.0003033
0.0003064
0.0003091
0.0003112
0.0003102
0.0003078
0.0003054
0.0003076
0.0003116
0.0003152
0.0003202
0.0003227
0.0003236
0.0003231
0.0003205
0.0003210
0.0003253
0.0003283
0.0003325
0.0003342
0.0003317
0.0003283
0.0003257
0.0003235
0.0003225
0.0003232
0.0003238
0.0003293
0.0003344
0.0003365
0.0003389
0.0003363
0.0003370
0.0003357
0.0003342
0.0003330
0.0003332
0.0003341
0.0003347
0.0003344
0.0003343
0.0003359
0.0003410
0.0003479
0.0003575
0.0003640
0.0003699
0.0003756
0.0003811
0.0003861
0.0003903
0.0003971
0.0004012
0.0004054
0.0004066
0.0004129
0.0004238
0.0004328
0.0004424
0.0004476
0.0004523
0.0004577
0.0004647
0.0004746
0.0004822
0.0004855
0.0004907
0.0004928
0.0004956
0.0004997
0.0005068
0.0005140
0.0005209
0.0005279
0.0005310
0.0005358
0.0005397
0.0005414
0.0005453
0.0005511
0.0005535
0.0005525
0.0005508
0.0005456
0.0005419
0.0005392
0.0005346
0.0005282
0.0005167
0.0005039
0.0004900
0.0004767
0.0004645
0.0004501
0.0004340
0.0004212
0.0004078
0.0003965
0.0003835
0.0003752
0.0003705
0.0003664
0.0003611
0.0003568
0.0003513
0.0003481
0.0003424
0.0003368
0.0003337
0.0003297
0.0003217
0.0003173
0.0003129
0.0003059
0.0003021
0.0002993
0.0002978
0.0003001
0.0003018
0.0003047
0.0003108
0.0003187
0.0003259
0.0003273
0.0003300
0.0003326
0.0003354
0.0003360
0.0003360
0.0003356
0.0003363
0.0003415
0.0003452
0.0003486
0.0003524
0.0003572
0.0003602
0.0003635
0.0003620
0.0003625
0.0003603
0.0003588
0.0003563
0.0003559
0.0003599
0.0003625
0.0003652
0.0003684
0.0003701
0.0003719
0.0003738
0.0003762
0.0003760
0.0003783
0.0003830
0.0003864
0.0003882
0.0003855
0.0003833
0.0003786
0.0003724
0.0003665
0.0003584
0.0003460
0.0003338
0.0003271
0.0003213
0.0003177
0.0003129
0.0003105
0.0003074
0.0003023
0.0002964
0.0002931
0.0002931
0.0002885
0.0002842
0.0002830
0.0002794
0.0002766
0.0002735
0.0002680
0.0002609
0.0002551
0.0002496
0.0002473
0.0002447
0.0002416
0.0002398
0.0002364
0.0002321
0.0002294
0.0002270
0.0002295
0.0002305
0.0002274
0.0002231
0.0002199
0.0002182
0.0002167
0.0002151
0.0002125
0.0002131
0.0002157
0.0002153
0.0002131
0.0002141
0.0002127
0.0002117
0.0002106
0.0002090
0.0002084
0.0002082
0.0002065
0.0002055
0.0002062
0.0002059
0.0002065
0.0002060
0.0002064
0.0002046
0.0002017
0.0001980
0.0001937
0.0001893
0.0001869
0.0001853
0.0001857
0.0001850
0.0001855
0.0001893
0.0001925
0.0001984
0.0002042
0.0002087
0.0002151
0.0002197
0.0002260
0.0002325
0.0002400
0.0002474
0.0002562
0.0002655
0.0002735
0.0002821
0.0002884
0.0002937
0.0003008
0.0003082
0.0003162
0.0003245
0.0003325
0.0003403
0.0003470
0.0003512
0.0003565
0.0003624
0.0003682
0.0003737
0.0003808
0.0003853
0.0003855
0.0003830
0.0003796
0.0003769
0.0003761
0.0003744
0.0003757
0.0003741
0.0003741
0.0003758
0.0003750
0.0003733
0.0003699
0.0003669
0.0003644
0.0003633
0.0003601
0.0003572
0.0003528
0.0003501
0.0003463
0.0003445
0.0003414
0.0003367
0.0003315
0.0003240
0.0003162
0.0003091
0.0002989
0.0002884
0.0002773
0.0002675
0.0002558
0.0002459
0.0002336
0.0002205
0.0002059
0.0001919
0.0001781
0.0001675
0.0001566
0.0001450
0.0001291
0.0001180
0.0001113
0.0001065
0.0001028
0.0000991
0.0000941
0.0000871
0.0000759
0.0000631
0.0000495
0.0000381
0.0000299
0.0000238
0.0000231
0.0000209
0.0000151
0.0000072
-0.0000036
-0.0000137
-0.0000247
-0.0000325
-0.0000430
-0.0000546
-0.0000645
-0.0000743
-0.0000838
-0.0000924
-0.0001030
-0.0001119
-0.0001219
-0.0001305
-0.0001394
-0.0001455
-0.0001545
-0.0001646
-0.0001753
-0.0001846
-0.0001928
-0.0002026
-0.0002119
-0.0002211
-0.0002268
-0.0002325
-0.0002363
-0.0002389
-0.0002397
-0.0002388
-0.0002395
-0.0002399
-0.0002397
-0.0002380
-0.0002394
-0.0002402
-0.0002387
-0.0002348
-0.0002290
-0.0002253
-0.0002243
-0.0002234
-0.0002207
-0.0002196
-0.0002177
-0.0002163
-0.0002131
-0.0002154
-0.0002189
-0.0002249
-0.0002353
-0.0002405
-0.0002453
-0.0002461
-0.0002439
-0.0002431
-0.0002420
-0.0002392
-0.0002372
-0.0002313
-0.0002256
-0.0002165
-0.0002068
-0.0001974
-0.0001888
-0.0001830
-0.0001768
-0.0001724
-0.0001676
-0.0001643
-0.0001577
-0.0001525
-0.0001467
-0.0001377
-0.0001271
-0.0001160
-0.0001060
-0.0000952
-0.0000842
-0.0000724
-0.0000628
-0.0000530
-0.0000481
-0.0000420
-0.0000351
-0.0000274
-0.0000245
-0.0000213
-0.0000195
-0.0000171
-0.0000139
-0.0000151
-0.0000105
-0.0000066
-0.0000001
0.0000058
0.0000126
0.0000183
0.0000270
0.0000356
0.0000458
0.0000574
0.0000738
0.0000907
0.0001075
0.0001225
0.0001365
0.0001461
0.0001554
0.0001659
0.0001725
0.0001789
0.0001863
0.0001947
0.0002014
0.0002108
0.0002189
0.0002272
0.0002365
0.0002456
0.0002555
0.0002644
0.0002753
0.0002868
0.0002990
0.0003086
0.0003179
0.0003247
0.0003289
0.0003289
0.0003323
0.0003377
0.0003446
0.0003515
0.0003541
0.0003552
0.0003552
0.0003572
0.0003596
0.0003639
0.0003626
0.0003631
0.0003635
0.0003652
0.0003684
0.0003737
0.0003790
0.0003794
0.0003769
0.0003731
0.0003679
0.0003626
0.0003555
0.0003478
0.0003357
0.0003234
0.0003135
0.0003045
0.0002948
0.0002851
0.0002767
0.0002671
0.0002577
0.0002494
0.0002409
0.0002315
0.0002248
0.0002166
0.0002088
0.0002047
0.0002021
0.0002029
0.0002025
0.0002020
0.0001983
0.0001945
0.0001924
0.0001893
0.0001836
0.0001774
0.0001703
0.0001631
0.0001590
0.0001514
0.0001458
0.0001401
0.0001318
0.0001226
0.0001152
0.0001066
0.0000948
0.0000849
0.0000741
0.0000622
0.0000502
0.0000396
0.0000333
0.0000276
0.0000189
0.0000123
0.0000048
0.0000002
-0.0000025
-0.0000041
-0.0000079
-0.0000119
-0.0000130
-0.0000148
-0.0000147
-0.0000143
-0.0000151
-0.0000185
-0.0000218
-0.0000272
-0.0000297
-0.0000339
-0.0000381
-0.0000405
-0.0000415
-0.0000429
-0.0000432
-0.0000459
-0.0000458
-0.0000440
-0.0000431
-0.0000449
-0.0000507
-0.0000564
-0.0000581
-0.0000594
-0.0000624
-0.0000654
-0.0000691
-0.0000739
-0.0000789
-0.0000831
-0.0000867
-0.0000893
-0.0000892
-0.0000865
-0.0000837
-0.0000814
-0.0000775
-0.0000722
-0.0000710
-0.0000669
-0.0000645
-0.0000601
-0.0000569
-0.0000559
-0.0000538
-0.0000534
-0.0000515
-0.0000484
-0.0000454
-0.0000443
-0.0000408
-0.0000367
-0.0000335
-0.0000303
-0.0000241
-0.0000163
-0.0000087
-0.0000046
-0.0000008
0.0000040
0.0000096
0.0000155
0.0000181
0.0000218
0.0000258
0.0000338
0.0000422
0.0000539
0.0000669
0.0000758
0.0000852
0.0000900
0.0000944
0.0001011
0.0001067
0.0001134
0.0001206
0.0001252
0.0001318
0.0001369
0.0001397
0.0001423
0.0001456
0.0001489
0.0001481
0.0001439
0.0001393
0.0001317
0.0001244
0.0001172
0.0001090
0.0001058
0.0001045
0.0001040
0.0000989
0.0000924
0.0000886
0.0000820
0.0000789
0.0000767
0.0000734
0.0000755
0.0000721
0.0000686
0.0000685
0.0000681
0.0000673
0.0000656
0.0000611
0.0000565
0.0000543
0.0000533
0.0000515
0.0000499
0.0000487
0.0000491
0.0000503
0.0000524
0.0000507
0.0000491
0.0000485
0.0000462
0.0000455
0.0000456
0.0000464
0.0000449
0.0000408
0.0000369
0.0000356
0.0000383
0.0000397
0.0000433
0.0000434
0.0000444
0.0000462
0.0000485
0.0000516
0.0000554
0.0000586
0.0000616
0.0000651
0.0000668
0.0000682
0.0000701
0.0000702
0.0000732
0.0000747
0.0000761
0.0000753
0.0000741
0.0000762
0.0000798
0.0000793
0.0000825
0.0000864
0.0000913
0.0000951
0.0000937
0.0000882
0.0000837
0.0000792
0.0000742
0.0000692
0.0000627
0.0000554
0.0000470
0.0000378
0.0000286
0.0000211
0.0000147
0.0000084
0.0000037
0.0000009
-0.0000040
-0.0000107
-0.0000171
-0.0000223
-0.0000276
-0.0000304
-0.0000307
-0.0000274
-0.0000269
-0.0000217
-0.0000196
-0.0000181
-0.0000187
-0.0000188
-0.0000162
-0.0000115
-0.0000053
-0.0000017
0.0000043
0.0000074
0.0000118
0.0000151
0.0000159
0.0000140
0.0000121
0.0000079
0.0000057
0.0000071
0.0000120
0.0000174
0.0000233
0.0000288
0.0000296
0.0000287
0.0000260
0.0000229
0.0000233
0.0000263
0.0000297
0.0000332
0.0000348
0.0000404
0.0000474
0.0000528
0.0000607
0.0000715
0.0000807
0.0000888
0.0000973
0.0001049
0.0001080
0.0001105
0.0001127
0.0001174
0.0001205
0.0001239
0.0001259
0.0001279
0.0001249
0.0001231
0.0001230
0.0001248
0.0001284
0.0001312
0.0001359
0.0001426
0.0001466
0.0001482
0.0001478
0.0001442
0.0001450
0.0001469
0.0001512
0.0001508
0.0001477
0.0001441
0.0001426
0.0001414
0.0001452
0.0001468
0.0001534
0.0001610
0.0001688
0.0001781
0.0001882
0.0001960
0.0002056
0.0002151
0.0002248
0.0002344
0.0002448
0.0002523
0.0002615
0.0002672
0.0002694
0.0002721
0.0002762
0.0002808
0.0002868
0.0002942
0.0003024
0.0003082
0.0003179
0.0003261
0.0003319
0.0003330
0.0003329
0.0003303
0.0003298
0.0003311
0.0003319
0.0003323
0.0003302
0.0003283
0.0003252
0.0003204
0.0003149
0.0003115
0.0003090
0.0003087
0.0003080
0.0003070
0.0003059
0.0003037
0.0003020
0.0003003
0.0003013
0.0003026
0.0003060
0.0003062
0.0003083
0.0003086
0.0003046
0.0003014
0.0002957
0.0002895
0.0002828
0.0002767
0.0002754
0.0002710
0.0002674
0.0002673
0.0002669
0.0002708
0.0002724
0.0002713
0.0002701
0.0002665
0.0002651
0.0002629
0.0002634
0.0002649
0.0002641
0.0002624
0.0002567
0.0002502
0.0002405
0.0002311
0.0002244
0.0002148
0.0002058
0.0002020
0.0002004
0.0001985
0.0001939
0.0001858
0.0001772
0.0001686
0.0001616
0.0001565
0.0001545
0.0001537
0.0001579
0.0001606
0.0001631
0.0001620
0.0001586
0.0001545
0.0001466
0.0001444
0.0001393
0.0001322
0.0001243
0.0001191
0.0001141
0.0001082
0.0001011
0.0000941
0.0000891
0.0000852
0.0000782
0.0000745
0.0000714
0.0000688
0.0000699
0.0000697
0.0000677
0.0000662
0.0000651
0.0000639
0.0000648
0.0000672
0.0000688
0.0000699
0.0000751
0.0000762
0.0000780
0.0000780
0.0000792
0.0000784
0.0000784
0.0000786
0.0000819
0.0000871
0.0000909
0.0000918
0.0000930
0.0000943
0.0000922
0.0000905
0.0000867
0.0000854
0.0000824
0.0000779
0.0000700
0.0000612
0.0000531
0.0000449
0.0000363
0.0000263
0.0000182
0.0000120
0.0000069
0.0000028
0.0000002
-0.0000010
-0.0000005
-0.0000030
-0.0000022
-0.0000067
-0.0000089
-0.0000134
-0.0000168
-0.0000213
-0.0000273
-0.0000336
-0.0000354
-0.0000376
-0.0000390
-0.0000390
-0.0000424
-0.0000484
-0.0000564
-0.0000658
-0.0000747
-0.0000832
-0.0000908
-0.0000973
-0.0001009
-0.0001083
-0.0001169
-0.0001283
-0.0001383
-0.0001472
-0.0001554
-0.0001638
-0.0001724
-0.0001800
-0.0001891
-0.0002013
-0.0002114
-0.0002195
-0.0002250
-0.0002292
-0.0002336
-0.0002365
-0.0002376
-0.0002376
-0.0002345
-0.0002310
-0.0002299
-0.0002267
-0.0002240
-0.0002220
-0.0002181
-0.0002165
-0.0002152
-0.0002130
-0.0002143
-0.0002138
-0.0002127
-0.0002103
-0.0002080
-0.0002084
-0.0002058
-0.0002063
-0.0002069
-0.0002070
-0.0002084
-0.0002058
-0.0002035
-0.0002053
-0.0002008
-0.0001985
-0.0001961
-0.0001896
-0.0001833
-0.0001747
-0.0001689
-0.0001630
-0.0001633
-0.0001623
-0.0001594
-0.0001529
-0.0001480
-0.0001431
-0.0001438
-0.0001440
-0.0001419
-0.0001392
-0.0001384
-0.0001336
-0.0001319
-0.0001294
-0.0001262
-0.0001210
-0.0001165
-0.0001098
-0.0001018
-0.0000947
-0.0000893
-0.0000835
-0.0000779
-0.0000735
-0.0000644
-0.0000557
-0.0000467
-0.0000355
-0.0000263
-0.0000154
-0.0000043
0.0000041
0.0000098
0.0000169
0.0000265
0.0000357
0.0000450
0.0000567
0.0000707
0.0000828
0.0000945
0.0001044
0.0001121
0.0001208
0.0001302
0.0001339
0.0001365
0.0001363
0.0001393
0.0001423
0.0001446
0.0001468
0.0001504
0.0001508
0.0001480
0.0001445
0.0001427
0.0001384
0.0001333
0.0001273
0.0001273
0.0001246
0.0001258
0.0001256
0.0001227
0.0001187
0.0001134
0.0001080
0.0001030
0.0000968
0.0000945
0.0000938
0.0000969
0.0000999
0.0001014
0.0001029
0.0001058
0.0001055
0.0001060
0.0001064
0.0001063
0.0001079
0.0001133
0.0001169
0.0001201
0.0001207
0.0001217
0.0001230
0.0001249
0.0001285
0.0001329
0.0001375
0.0001437
0.0001522
0.0001605
0.0001679
0.0001756
0.0001825
0.0001907
0.0002005
0.0002089
0.0002171
0.0002229
0.0002294
0.0002353
0.0002422
0.0002506
0.0002559
0.0002575
0.0002631
0.0002679
0.0002706
0.0002754
0.0002807
0.0002820
0.0002806
0.0002846
0.0002902
0.0002961
0.0003038
0.0003102
0.0003169
0.0003215
0.0003240
0.0003271
0.0003251
0.0003265
0.0003269
0.0003276
0.0003303
0.0003337
0.0003404
0.0003464
0.0003530
0.0003612
0.0003696
0.0003755
0.0003805
0.0003843
0.0003895
0.0003905
0.0003925
0.0003956
0.0004005
0.0004022
0.0004050
0.0004063
0.0004088
0.0004100
0.0004119
0.0004125
0.0004140
0.0004164
0.0004192
0.0004214
0.0004276
0.0004345
0.0004398
0.0004474
0.0004522
0.0004597
0.0004658
0.0004718
0.0004776
0.0004814
0.0004863
0.0004928
0.0004949
0.0005010
0.0005080
0.0005159
0.0005266
0.0005385
0.0005500
0.0005585
0.0005654
0.0005701
0.0005728
0.0005738
0.0005744
0.0005783
0.0005820
0.0005864
0.0005875
0.0005892
0.0005869
0.0005857
0.0005866
0.0005852
0.0005854
0.0005860
0.0005848
0.0005797
0.0005771
0.0005773
0.0005788
0.0005745
0.0005633
0.0005526
0.0005429
0.0005298
0.0005201
0.0005103
0.0005042
0.0004986
0.0004907
0.0004838
0.0004762
0.0004674
0.0004570
0.0004461
0.0004356
0.0004297
0.0004263
0.0004227
0.0004200
0.0004144
0.0004115
0.0004061
0.0003999
0.0003952
0.0003905
0.0003844
0.0003776
0.0003687
0.0003640
0.0003563
0.0003480
0.0003397
0.0003350
0.0003254
0.0003151
0.0003035
0.0002944
0.0002864
0.0002790
0.0002698
0.0002622
0.0002511
0.0002399
0.0002315
0.0002262
0.0002229
0.0002174
0.0002128
0.0002116
0.0002089
0.0002064
0.0002045
0.0002005
0.0001982
0.0001934
0.0001893
0.0001837
0.0001769
0.0001701
0.0001642
0.0001564
0.0001502
0.0001468
0.0001445
0.0001416
0.0001393
0.0001338
0.0001300
0.0001266
0.0001281
0.0001313
0.0001312
0.0001273
0.0001240
0.0001225
0.0001223
0.0001221
0.0001216
0.0001229
0.0001245
0.0001261
0.0001255
0.0001290
0.0001354
0.0001425
0.0001474
0.0001549
0.0001651
0.0001772
0.0001851
0.0001939
0.0002006
0.0002097
0.0002178
0.0002288
0.0002357
0.0002410
0.0002457
0.0002504
0.0002550
0.0002597
0.0002664
0.0002732
0.0002806
0.0002865
0.0002913
0.0002962
0.0003053
0.0003155
0.0003246
0.0003313
0.0003372
0.0003414
0.0003431
0.0003458
0.0003478
0.0003526
0.0003591
0.0003664
0.0003718
0.0003773
0.0003813
0.0003870
0.0003909
0.0003939
0.0003991
0.0004025
0.0004092
0.0004150
0.0004181
0.0004216
0.0004273
0.0004323
0.0004343
0.0004358
0.0004361
0.0004368
0.0004376
0.0004366
0.0004399
0.0004410
0.0004420
0.0004452
0.0004424
0.0004375
0.0004354
0.0004345
0.0004361
0.0004395
0.0004430
0.0004447
0.0004491
0.0004519
0.0004527
0.0004570
0.0004638
0.0004666
0.0004725
0.0004803
0.0004873
0.0004940
0.0004989
0.0005061
0.0005129
0.0005196
0.0005267
0.0005339
0.0005421
0.0005498
0.0005529
0.0005574
0.0005658
0.0005721
0.0005748
0.0005775
0.0005821
0.0005914
0.0006003
0.0006075
0.0006163
0.0006211
0.0006283
0.0006370
0.0006446
0.0006505
0.0006585
0.0006658
0.0006738
0.0006806
0.0006865
0.0006938
0.0007021
0.0007081
0.0007141
0.0007210
0.0007272
0.0007317
0.0007338
0.0007379
0.0007442
0.0007522
0.0007607
0.0007697
0.0007748
0.0007777
0.0007789
0.0007802
0.0007839
0.0007873
0.0007913
0.0007945
0.0007985
0.0008048
0.0008115
0.0008243
0.0008335
0.0008445
0.0008502
0.0008547
0.0008596
0.0008616
0.0008634
0.0008694
0.0008728
0.0008724
0.0008734
0.0008732
0.0008717
0.0008722
0.0008703
0.0008682
0.0008666
0.0008650
0.0008629
0.0008627
0.0008596
0.0008578
0.0008545
0.0008543
0.0008518
0.0008520
0.0008531
0.0008550
0.0008596
0.0008619
0.0008642
0.0008661
0.0008693
0.0008689
0.0008688
0.0008680
0.0008676
0.0008655
0.0008615
0.0008555
0.0008549
0.0008568
0.0008581
0.0008602
0.0008626
0.0008628
0.0008630
0.0008642
0.0008632
0.0008676
0.0008735
0.0008803
0.0008870
0.0008928
0.0008988
0.0009034
0.0009067
0.0009105
0.0009132
0.0009175
0.0009178
0.0009207
0.0009269
0.0009331
0.0009399
0.0009467
0.0009495
0.0009537
0.0009577
0.0009638
0.0009709
0.0009768
0.0009822
0.0009843
0.0009852
0.0009864
0.0009909
0.0009959
0.0010010
0.0010053
0.0010100
0.0010161
0.0010193
0.0010212
0.0010248
0.0010298
0.0010308
0.0010309
0.0010291
0.0010254
0.0010234
0.0010206
0.0010131
0.0010009
0.0009933
0.0009826
0.0009719
0.0009638
0.0009562
0.0009523
0.0009481
0.0009431
0.0009389
0.0009357
0.0009345
0.0009353
0.0009331
0.0009308
0.0009286
0.0009247
0.0009224
0.0009214
0.0009206
0.0009202
0.0009138
0.0009074
0.0009003
0.0008931
0.0008829
0.0008726
0.0008623
0.0008563
0.0008543
0.0008500
0.0008476
0.0008449
0.0008405
0.0008406
0.0008382
0.0008392
0.0008405
0.0008419
0.0008423
0.0008435
0.0008467
0.0008477
0.0008476
0.0008455
0.0008398
0.0008340
0.0008322
0.0008283
0.0008272
0.0008246
0.0008185
0.0008127
0.0008074
0.0008044
0.0008018
0.0007993
0.0007973
0.0007946
0.0007921
0.0007894
0.0007854
0.0007809
0.0007747
0.0007708
0.0007677
0.0007662
0.0007633
0.0007585
0.0007532
0.0007529
0.0007527
0.0007525
0.0007515
0.0007522
0.0007513
0.0007531
0.0007542
0.0007516
0.0007474
0.0007455
0.0007411
0.0007375
0.0007325
0.0007278
0.0007256
0.0007204
0.0007155
0.0007100
0.0007017
0.0006939
0.0006889
0.0006858
0.0006825
0.0006762
0.0006696
0.0006609
0.0006500
0.0006406
0.0006313
0.0006220
0.0006178
0.0006123
0.0006077
0.0006017
0.0006010
0.0005991
0.0005983
0.0005983
0.0005977
0.0005987
0.0006008
0.0005991
0.0005986
0.0005951
0.0005909
0.0005879
0.0005843
0.0005786
0.0005722
0.0005691
0.0005669
0.0005623
0.0005620
0.0005638
0.0005626
0.0005632
0.0005656
0.0005671
0.0005678
0.0005703
0.0005713
0.0005707
0.0005703
0.0005717
0.0005733
0.0005752
0.0005762
0.0005758
0.0005767
0.0005807
0.0005829
0.0005852
0.0005875
0.0005896
0.0005917
0.0005932
0.0005942
0.0005937
0.0005921
0.0005883
0.0005844
0.0005818
0.0005800
0.0005795
0.0005805
0.0005827
0.0005850
0.0005847
0.0005834
0.0005812
0.0005800
0.0005776
0.0005773
0.0005759
0.0005734
0.0005723
0.0005725
0.0005702
0.0005659
0.0005603
0.0005536
0.0005445
0.0005366
0.0005303
0.0005247
0.0005211
0.0005156
0.0005098
0.0005027
0.0004961
0.0004891
0.0004800
0.0004711
0.0004626
0.0004539
0.0004420
0.0004280
0.0004182
0.0004128
0.0004082
0.0004003
0.0003949
0.0003879
0.0003824
0.0003798
0.0003803
0.0003803
0.0003791
0.0003766
0.0003754
0.0003751
0.0003714
0.0003650
0.0003576
0.0003494
0.0003419
0.0003319
0.0003221
0.0003092
0.0002996
0.0002920
0.0002838
0.0002730
0.0002604
0.0002510
0.0002399
0.0002358
0.0002307
0.0002255
0.0002202
0.0002170
0.0002167
0.0002152
0.0002161
0.0002147
0.0002154
0.0002177
0.0002196
0.0002223
0.0002283
0.0002357
0.0002397
0.0002461
0.0002483
0.0002510
0.0002511
0.0002501
0.0002521
0.0002531
0.0002503
0.0002481
0.0002440
0.0002398
0.0002315
0.0002256
0.0002210
0.0002191
0.0002196
0.0002174
0.0002193
0.0002245
0.0002294
0.0002320
0.0002379
0.0002469
0.0002558
0.0002631
0.0002700
0.0002772
0.0002819
0.0002856
0.0002880
0.0002888
0.0002873
0.0002869
0.0002881
0.0002900
0.0002941
0.0002978
0.0003039
0.0003095
0.0003169
0.0003240
0.0003264
0.0003285
0.0003274
0.0003203
0.0003132
0.0003091
0.0003059
0.0003042
0.0003034
0.0003052
0.0003055
0.0003052
0.0003070
0.0003102
0.0003115
0.0003129
0.0003156
0.0003196
0.0003235
0.0003284
0.0003346
0.0003405
0.0003454
0.0003529
0.0003630
0.0003735
0.0003824
0.0003907
0.0003954
0.0003980
0.0004009
0.0004026
0.0004072
0.0004130
0.0004200
0.0004294
0.0004369
0.0004456
0.0004557
0.0004633
0.0004666
0.0004706
0.0004734
0.0004769
0.0004816
0.0004854
0.0004859
0.0004862
0.0004856
0.0004858
0.0004870
0.0004857
0.0004892
0.0004913
0.0004948
0.0005003
0.0005050
0.0005092
0.0005160
0.0005235
0.0005311
0.0005393
0.0005471
0.0005548
0.0005625
0.0005729
0.0005860
0.0006001
0.0006163
0.0006306
0.0006415
0.0006528
0.0006661
0.0006786
0.0006945
0.0007079
0.0007213
0.0007298
0.0007366
0.0007436
0.0007451
0.0007451
0.0007443
0.0007458
0.0007496
0.0007545
0.0007613
0.0007688
0.0007752
0.0007830
0.0007896
0.0007952
0.0008034
0.0008132
0.0008232
0.0008352
0.0008469
0.0008576
0.0008712
0.0008833
0.0008982
0.0009133
0.0009226
0.0009309
0.0009402
0.0009494
0.0009572
0.0009673
0.0009750
0.0009827
0.0009916
0.0010010
0.0010083
0.0010111
0.0010164
0.0010185
0.0010219
0.0010223
0.0010245
0.0010269
0.0010301
0.0010349
0.0010392
0.0010398
0.0010440
0.0010486
0.0010568
0.0010670
0.0010726
0.0010828
0.0010906
0.0010962
0.0011006
0.0011060
0.0011095
0.0011143
0.0011201
0.0011241
0.0011293
0.0011353
0.0011421
0.0011471
0.0011495
0.0011515
0.0011520
0.0011544
0.0011574
0.0011623
0.0011678
0.0011763
0.0011854
0.0011944
0.0012061
0.0012160
0.0012225
0.0012263
0.0012300
0.0012349
0.0012392
0.0012414
0.0012425
0.0012463
0.0012499
0.0012528
0.0012550
0.0012565
0.0012567
0.0012544
0.0012553
0.0012584
0.0012615
0.0012640
0.0012664
0.0012695
0.0012721
0.0012757
0.0012811
0.0012853
0.0012926
0.0013013
0.0013077
0.0013125
0.0013179
0.0013235
0.0013262
0.0013267
0.0013255
0.0013266
0.0013300
0.0013324
0.0013334
0.0013375
0.0013378
0.0013386
0.0013372
0.0013334
0.0013265
0.0013173
0.0013084
0.0013000
0.0012925
0.0012844
0.0012765
0.0012662
0.0012519
0.0012380
0.0012224
0.0012078
0.0011942
0.0011797
0.0011656
0.0011535
0.0011400
0.0011273
0.0011139
0.0010994
0.0010860
0.0010732
0.0010595
0.0010469
0.0010315
0.0010185
0.0010024
0.0009886
0.0009788
0.0009702
0.0009616
0.0009530
0.0009428
0.0009334
0.0009274
0.0009233
0.0009177
0.0009117
0.0009023
0.0008878
0.0008736
0.0008583
0.0008445
0.0008301
0.0008152
0.0008007
0.0007851
0.0007711
0.0007593
0.0007510
0.0007434
0.0007347
0.0007241
0.0007120
0.0007007
0.0006900
0.0006791
0.0006696
0.0006616
0.0006514
0.0006421
0.0006300
0.0006174
0.0006064
0.0005981
0.0005910
0.0005823
0.0005747
0.0005641
0.0005518
0.0005400
0.0005294
0.0005190
0.0005101
0.0005008
0.0004903
0.0004784
0.0004698
0.0004619
0.0004519
0.0004407
0.0004312
0.0004236
0.0004175
0.0004150
0.0004119
0.0004083
0.0004070
0.0004045
0.0003991
0.0003963
0.0003946
0.0003920
0.0003878
0.0003845
0.0003845
0.0003820
0.0003835
0.0003872
0.0003910
0.0003960
0.0004027
0.0004096
0.0004120
0.0004145
0.0004146
0.0004138
0.0004136
0.0004142
0.0004105
0.0004069
0.0004036
0.0004011
0.0003983
0.0003968
0.0003994
0.0004056
0.0004114
0.0004157
0.0004211
0.0004258
0.0004310
0.0004378
0.0004437
0.0004483
0.0004544
0.0004610
0.0004672
0.0004740
0.0004763
0.0004761
0.0004755
0.0004714
0.0004696
0.0004662
0.0004623
0.0004597
0.0004565
0.0004530
0.0004528
0.0004504
0.0004477
0.0004475
0.0004485
0.0004506
0.0004540
0.0004558
0.0004610
0.0004659
0.0004713
0.0004753
0.0004763
0.0004721
0.0004717
0.0004741
0.0004777
0.0004792
0.0004806
0.0004806
0.0004786
0.0004746
0.0004715
0.0004667
0.0004666
0.0004658
0.0004665
0.0004657
0.0004667
0.0004651
0.0004610
0.0004556
0.0004517
0.0004452
0.0004417
0.0004403
0.0004339
0.0004282
0.0004280
0.0004294
0.0004299
0.0004297
0.0004288
0.0004292
0.0004318
0.0004372
0.0004443
0.0004495
0.0004521
0.0004586
0.0004598
0.0004605
0.0004608
0.0004618
0.0004603
0.0004605
0.0004638
0.0004682
0.0004717
0.0004722
0.0004669
0.0004614
0.0004536
0.0004435
0.0004374
0.0004364
0.0004359
0.0004330
0.0004294
0.0004262
0.0004251
0.0004247
0.0004266
0.0004247
0.0004208
0.0004180
0.0004111
0.0004054
0.0004047
0.0004008
0.0003981
0.0003955
0.0003876
0.0003794
0.0003731
0.0003624
0.0003493
0.0003385
0.0003246
0.0003140
0.0003050
0.0002987
0.0002912
0.0002866
0.0002819
0.0002768
0.0002735
0.0002713
0.0002662
0.0002636
0.0002609
0.0002545
0.0002488
0.0002423
0.0002352
0.0002283
0.0002195
0.0002107
0.0002021
0.0001971
0.0001939
0.0001905
0.0001849
0.0001781
0.0001697
0.0001629
0.0001584
0.0001540
0.0001509
0.0001430
0.0001376
0.0001358
0.0001331
0.0001307
0.0001303
0.0001291
0.0001246
0.0001180
0.0001117
0.0001041
0.0001023
0.0001003
0.0000980
0.0000994
0.0000990
0.0000972
0.0000963
0.0000950
0.0000940
0.0000924
0.0000922
0.0000890
0.0000845
0.0000785
0.0000746
0.0000709
0.0000698
0.0000717
0.0000728
0.0000745
0.0000753
0.0000746
0.0000716
0.0000725
0.0000759
0.0000756
0.0000772
0.0000776
0.0000810
0.0000859
0.0000913
0.0000996
0.0001059
0.0001138
0.0001219
0.0001271
0.0001311
0.0001354
0.0001380
0.0001398
0.0001391
0.0001401
0.0001424
0.0001444
0.0001470
0.0001495
0.0001523
0.0001563
0.0001609
0.0001639
0.0001666
0.0001654
0.0001607
0.0001580
0.0001514
0.0001468
0.0001416
0.0001383
0.0001357
0.0001309
0.0001271
0.0001263
0.0001250
0.0001247
0.0001244
0.0001268
0.0001295
0.0001309
0.0001330
0.0001368
0.0001388
0.0001386
0.0001393
0.0001371
0.0001369
0.0001343
0.0001295
0.0001249
0.0001181
0.0001113
0.0001062
0.0001010
0.0000964
0.0000932
0.0000914
0.0000877
0.0000861
0.0000847
0.0000836
0.0000837
0.0000839
0.0000853
0.0000866
0.0000874
0.0000909
0.0000987
0.0001064
0.0001137
0.0001188
0.0001242
0.0001285
0.0001328
0.0001355
0.0001387
0.0001420
0.0001476
0.0001539
0.0001607
0.0001684
0.0001751
0.0001810
0.0001880
0.0001949
0.0001959
0.0001974
0.0001947
0.0001892
0.0001831
0.0001792
0.0001745
0.0001675
0.0001593
0.0001547
0.0001481
0.0001420
0.0001361
0.0001306
0.0001310
0.0001334
0.0001318
0.0001324
0.0001324
0.0001314
0.0001286
0.0001232
0.0001190
0.0001130
0.0001070
0.0001024
0.0000973
0.0000914
0.0000847
0.0000780
0.0000656
0.0000555
0.0000447
0.0000332
0.0000250
0.0000167
0.0000070
-0.0000035
-0.0000115
-0.0000158
-0.0000224
-0.0000303
-0.0000367
-0.0000448
-0.0000514
-0.0000604
-0.0000685
-0.0000717
-0.0000754
-0.0000807
-0.0000897
-0.0001020
-0.0001129
-0.0001247
-0.0001361
-0.0001467
-0.0001601
-0.0001748
-0.0001848
-0.0001951
-0.0002093
-0.0002240
-0.0002353
-0.0002490
-0.0002625
-0.0002736
-0.0002869
-0.0002996
-0.0003072
-0.0003118
-0.0003149
-0.0003228
-0.0003331
-0.0003444
-0.0003549
-0.0003609
-0.0003615
-0.0003643
-0.0003667
-0.0003705
-0.0003770
-0.0003854
-0.0003912
-0.0003978
-0.0004053
-0.0004109
-0.0004168
-0.0004234
-0.0004281
-0.0004339
-0.0004421
-0.0004505
-0.0004553
-0.0004586
-0.0004594
-0.0004574
-0.0004549
-0.0004582
-0.0004605
-0.0004620
-0.0004668
-0.0004686
-0.0004711
-0.0004743
-0.0004797
-0.0004861
-0.0004919
-0.0004967
-0.0005029
-0.0005076
-0.0005129
-0.0005132
-0.0005157
-0.0005174
-0.0005202
-0.0005239
-0.0005289
-0.0005379
-0.0005435
-0.0005506
-0.0005584
-0.0005671
-0.0005757
-0.0005839
-0.0005906
-0.0005986
-0.0006054
-0.0006104
-0.0006172
-0.0006250
-0.0006293
-0.0006375
-0.0006442
-0.0006509
-0.0006573
-0.0006626
-0.0006688
-0.0006731
-0.0006792
-0.0006820
-0.0006866
-0.0006910
-0.0006990
-0.0007063
-0.0007148
-0.0007224
-0.0007272
-0.0007291
-0.0007332
-0.0007368
-0.0007350
-0.0007352
-0.0007331
-0.0007358
-0.0007388
-0.0007423
-0.0007433
-0.0007437
-0.0007445
-0.0007463
-0.0007474
-0.0007481
-0.0007482
-0.0007470
-0.0007506
-0.0007485
-0.0007469
-0.0007488
-0.0007510
-0.0007519
-0.0007497
-0.0007457
-0.0007402
-0.0007342
-0.0007292
-0.0007241
-0.0007171
-0.0007089
-0.0007001
-0.0006930
-0.0006828
-0.0006747
-0.0006647
-0.0006587
-0.0006465
-0.0006356
-0.0006295
-0.0006240
-0.0006186
-0.0006114
-0.0006044
-0.0005961
-0.0005906
-0.0005838
-0.0005741
-0.0005691
-0.0005631
-0.0005603
-0.0005559
-0.0005516
-0.0005498
-0.0005437
-0.0005365
-0.0005296
-0.0005267
-0.0005227
-0.0005218
-0.0005228
-0.0005230
-0.0005240
-0.0005254
-0.0005266
-0.0005254
-0.0005214
-0.0005181
-0.0005167
-0.0005166
-0.0005190
-0.0005223
-0.0005267
-0.0005265
-0.0005268
-0.0005231
-0.0005216
-0.0005214
-0.0005189
-0.0005176
-0.0005180
-0.0005201
-0.0005240
-0.0005282
-0.0005284
-0.0005307
-0.0005305
-0.0005278
-0.0005209
-0.0005162
-0.0005119
-0.0005024
-0.0004952
-0.0004871
-0.0004806
-0.0004756
-0.0004723
-0.0004737
-0.0004717
-0.0004694
-0.0004695
-0.0004735
-0.0004783
-0.0004811
-0.0004831
-0.0004842
-0.0004841
-0.0004801
-0.0004736
-0.0004676
-0.0004652
-0.0004625
-0.0004573
-0.0004497
-0.0004402
-0.0004293
-0.0004175
-0.0004049
-0.0003919
-0.0003786
-0.0003678
-0.0003545
-0.0003380
-0.0003221
-0.0003059
-0.0002942
-0.0002818
-0.0002720
-0.0002651
-0.0002569
-0.0002513
-0.0002489
-0.0002456
-0.0002394
-0.0002334
-0.0002268
-0.0002181
-0.0002121
-0.0002083
-0.0002025
-0.0001977
-0.0001932
-0.0001907
-0.0001898
-0.0001886
-0.0001867
-0.0001798
-0.0001758
-0.0001720
-0.0001692
-0.0001671
-0.0001653
-0.0001636
-0.0001637
-0.0001640
-0.0001655
-0.0001637
-0.0001608
-0.0001535
-0.0001472
-0.0001420
-0.0001358
-0.0001311
-0.0001285
-0.0001243
-0.0001198
-0.0001159
-0.0001121
-0.0001054
-0.0000964
-0.0000889
-0.0000821
-0.0000802
-0.0000808
-0.0000813
-0.0000783
-0.0000782
-0.0000778
-0.0000757
-0.0000741
-0.0000696
-0.0000641
-0.0000621
-0.0000602
-0.0000586
-0.0000577
-0.0000600
-0.0000635
-0.0000658
-0.0000662
-0.0000661
-0.0000690
-0.0000718
-0.0000753
-0.0000772
-0.0000776
-0.0000749
-0.0000694
-0.0000640
-0.0000579
-0.0000566
-0.0000577
-0.0000583
-0.0000588
-0.0000567
-0.0000541
-0.0000522
-0.0000497
-0.0000501
-0.0000530
-0.0000577
-0.0000641
-0.0000692
-0.0000719
-0.0000695
-0.0000702
-0.0000708
-0.0000713
-0.0000693
-0.0000640
-0.0000622
-0.0000621
-0.0000636
-0.0000678
-0.0000694
-0.0000709
-0.0000731
-0.0000770
-0.0000807
-0.0000824
-0.0000865
-0.0000907
-0.0000964
-0.0001041
-0.0001107
-0.0001129
-0.0001115
-0.0001098
-0.0001073
-0.0001085
-0.0001103
-0.0001087
-0.0001073
-0.0001071
-0.0001035
-0.0001003
-0.0000951
-0.0000918
-0.0000926
-0.0000921
-0.0000897
-0.0000856
-0.0000788
-0.0000715
-0.0000612
-0.0000505
-0.0000416
-0.0000306
-0.0000218
-0.0000164
-0.0000125
-0.0000097
-0.0000067
-0.0000058
-0.0000071
-0.0000098
-0.0000114
-0.0000130
-0.0000152
-0.0000214
-0.0000250
-0.0000286
-0.0000329
-0.0000380
-0.0000409
-0.0000413
-0.0000396
-0.0000391
-0.0000406
-0.0000484
-0.0000539
-0.0000552
-0.0000580
-0.0000608
-0.0000648
-0.0000693
-0.0000741
-0.0000795
-0.0000857
-0.0000913
-0.0000934
-0.0001018
-0.0001071
-0.0001180
-0.0001295
-0.0001392
-0.0001488
-0.0001582
-0.0001655
-0.0001721
-0.0001769
-0.0001818
-0.0001885
-0.0001957
-0.0002037
-0.0002110
-0.0002176
-0.0002276
-0.0002388
-0.0002463
-0.0002527
-0.0002585
-0.0002649
-0.0002714
-0.0002757
-0.0002829
-0.0002892
-0.0002933
-0.0002976
-0.0003033
-0.0003060
-0.0003078
-0.0003095
-0.0003137
-0.0003165
-0.0003178
-0.0003233
-0.0003274
-0.0003303
-0.0003317
-0.0003337
-0.0003364
-0.0003368
-0.0003369
-0.0003342
-0.0003308
-0.0003252
-0.0003246
-0.0003255
-0.0003262
-0.0003277
-0.0003294
-0.0003294
-0.0003288
-0.0003280
-0.0003278
-0.0003276
-0.0003273
-0.0003234
-0.0003205
-0.0003170
-0.0003134
-0.0003114
-0.0003091
-0.0003079
-0.0003099
-0.0003111
-0.0003123
-0.0003128
-0.0003124
-0.0003127
-0.0003144
-0.0003156
-0.0003145
-0.0003102
-0.0003046
-0.0003003
-0.0002975
-0.0002933
-0.0002896
-0.0002900
-0.0002880
-0.0002859
-0.0002841
-0.0002831
-0.0002857
-0.0002874
-0.0002877
-0.0002865
-0.0002877
-0.0002887
-0.0002914
-0.0002970
-0.0003011
-0.0003069
-0.0003125
-0.0003181
-0.0003241
-0.0003259
-0.0003256
-0.0003261
-0.0003267
-0.0003293
-0.0003297
-0.0003303
-0.0003293
-0.0003281
-0.0003274
-0.0003249
-0.0003189
-0.0003123
-0.0003017
-0.0002926
-0.0002845
-0.0002771
-0.0002720
-0.0002665
-0.0002598
-0.0002513
-0.0002408
-0.0002349
-0.0002287
-0.0002234
-0.0002179
-0.0002131
-0.0002106
-0.0002098
-0.0002077
-0.0002035
-0.0002000
-0.0001956
-0.0001947
-0.0001940
-0.0001934
-0.0001896
-0.0001846
-0.0001827
-0.0001795
-0.0001717
-0.0001652
-0.0001590
-0.0001505
-0.0001439
-0.0001393
-0.0001361
-0.0001332
-0.0001289
-0.0001231
-0.0001163
-0.0001101
-0.0001060
-0.0001008
-0.0000975
-0.0000932
-0.0000843
-0.0000734
-0.0000659
-0.0000600
-0.0000574
-0.0000543
-0.0000498
-0.0000437
-0.0000379
-0.0000332
-0.0000230
-0.0000109
-0.0000011
0.0000068
0.0000126
0.0000203
0.0000302
0.0000464
0.0000638
0.0000793
0.0000964
0.0001117
0.0001273
0.0001404
0.0001563
0.0001693
0.0001779
0.0001826
0.0001858
0.0001906
0.0001961
0.0001978
0.0001949
0.0001926
0.0001924
0.0001898
0.0001905
0.0001870
0.0001839
0.0001854
0.0001883
0.0001908
0.0001971
0.0002006
0.0002040
0.0002028
0.0002018
0.0002026
0.0001990
0.0001963
0.0001921
0.0001943
0.0001980
0.0001987
0.0002012
0.0002037
0.0002058
0.0002099
0.0002153
0.0002231
0.0002354
0.0002503
0.0002633
0.0002773
0.0002862
0.0002920
0.0002951
0.0002985
0.0003042
0.0003071
0.0003088
0.0003059
0.0003025
0.0003003
0.0003018
0.0003039
0.0003050
0.0003079
0.0003086
0.0003121
0.0003191
0.0003231
0.0003293
0.0003327
0.0003331
0.0003397
0.0003464
0.0003512
0.0003543
0.0003581
0.0003606
0.0003641
0.0003681
0.0003732
0.0003774
0.0003857
0.0003935
0.0004007
0.0004077
0.0004136
0.0004192
0.0004222
0.0004262
0.0004257
0.0004224
0.0004204
0.0004208
0.0004232
0.0004243
0.0004275
0.0004333
0.0004365
0.0004403
0.0004414
0.0004409
0.0004423
0.0004460
0.0004477
0.0004469
0.0004437
0.0004391
0.0004375
0.0004341
0.0004313
0.0004317
0.0004301
0.0004288
0.0004295
0.0004267
0.0004258
0.0004221
0.0004213
0.0004200
0.0004208
0.0004207
0.0004165
0.0004130
0.0004086
0.0004042
0.0004008
0.0003994
0.0003968
0.0003961
0.0003963
0.0003973
0.0003966
0.0003972
0.0003962
0.0003945
0.0003922
0.0003891
0.0003894
0.0003917
0.0003916
0.0003899
0.0003901
0.0003891
0.0003874
0.0003868
0.0003864
0.0003843
0.0003827
0.0003756
0.0003656
0.0003546
0.0003413
0.0003290
0.0003164
0.0003054
0.0002930
0.0002797
0.0002683
0.0002575
0.0002452
0.0002351
0.0002227
0.0002118
0.0002019
0.0001924
0.0001828
0.0001741
0.0001671
0.0001579
0.0001483
0.0001426
0.0001384
0.0001350
0.0001327
0.0001275
0.0001224
0.0001121
0.0001057
0.0001003
0.0000941
0.0000866
0.0000797
0.0000718
0.0000645
0.0000580
0.0000520
0.0000465
