0.0236597
0.0235737
0.0234945
0.0234202
0.0233497
0.0232823
0.0232171
0.0231538
0.0230927
0.0230334
0.0229758
0.0229192
0.0228636
0.0228095
0.0227560
0.0227035
0.0226519
0.0226009
0.0225508
0.0225013
0.0224525
0.0224042
0.0223565
0.0223092
0.0222624
0.0222156
0.0221697
0.0221238
0.0220782
0.0220332
0.0219887
0.0219446
0.0219004
0.0218562
0.0218123
0.0217686
0.0217250
0.0216822
0.0216396
0.0215971
0.0215553
0.0215134
0.0214716
0.0214300
0.0213890
0.0213484
0.0213081
0.0212681
0.0212279
0.0211877
0.0211477
0.0211082
0.0210691
0.0210302
0.0209918
0.0209537
0.0209160
0.0208784
0.0208410
0.0208035
0.0207664
0.0207290
0.0206922
0.0206556
0.0206191
0.0205824
0.0205455
0.0205086
0.0204723
0.0204360
0.0203998
0.0203636
0.0203280
0.0202925
0.0202572
0.0202222
0.0201877
0.0201534
0.0201194
0.0200854
0.0200521
0.0200188
0.0199856
0.0199523
0.0199192
0.0198862
0.0198536
0.0198214
0.0197892
0.0197569
0.0197242
0.0196919
0.0196602
0.0196285
0.0195964
0.0195644
0.0195322
0.0195004
0.0194687
0.0194372
0.0194059
0.0193750
0.0193439
0.0193131
0.0192824
0.0192520
0.0192221
0.0191920
0.0191621
0.0191321
0.0191026
0.0190731
0.0190436
0.0190143
0.0189851
0.0189562
0.0189273
0.0188985
0.0188700
0.0188420
0.0188142
0.0187862
0.0187587
0.0187309
0.0187031
0.0186758
0.0186483
0.0186207
0.0185926
0.0185649
0.0185373
0.0185098
0.0184826
0.0184560
0.0184298
0.0184036
0.0183772
0.0183506
0.0183236
0.0182969
0.0182695
0.0182423
0.0182154
0.0181885
0.0181620
0.0181356
0.0181096
0.0180839
0.0180580
0.0180321
0.0180063
0.0179808
0.0179550
0.0179295
0.0179041
0.0178789
0.0178536
0.0178277
0.0178018
0.0177759
0.0177502
0.0177246
0.0176991
0.0176735
0.0176474
0.0176219
0.0175964
0.0175711
0.0175458
0.0175204
0.0174952
0.0174701
0.0174450
0.0174198
0.0173941
0.0173685
0.0173432
0.0173178
0.0172925
0.0172672
0.0172422
0.0172176
0.0171929
0.0171684
0.0171437
0.0171191
0.0170944
0.0170700
0.0170452
0.0170206
0.0169960
0.0169714
0.0169464
0.0169216
0.0168968
0.0168721
0.0168472
0.0168223
0.0167972
0.0167722
0.0167474
0.0167227
0.0166979
0.0166733
0.0166490
0.0166247
0.0166005
0.0165768
0.0165532
0.0165300
0.0165068
0.0164839
0.0164609
0.0164379
0.0164146
0.0163916
0.0163686
0.0163458
0.0163227
0.0162999
0.0162767
0.0162535
0.0162302
0.0162069
0.0161840
0.0161613
0.0161384
0.0161154
0.0160925
0.0160698
0.0160470
0.0160242
0.0160011
0.0159785
0.0159556
0.0159326
0.0159099
0.0158874
0.0158653
0.0158429
0.0158202
0.0157977
0.0157751
0.0157525
0.0157301
0.0157077
0.0156855
0.0156631
0.0156411
0.0156190
0.0155971
0.0155756
0.0155542
0.0155322
0.0155103
0.0154889
0.0154677
0.0154468
0.0154262
0.0154057
0.0153855
0.0153655
0.0153456
0.0153256
0.0153059
0.0152858
0.0152658
0.0152458
0.0152255
0.0152053
0.0151849
0.0151646
0.0151438
0.0151233
0.0151027
0.0150822
0.0150620
0.0150420
0.0150226
0.0150027
0.0149827
0.0149626
0.0149424
0.0149224
0.0149020
0.0148818
0.0148614
0.0148414
0.0148208
0.0148008
0.0147811
0.0147621
0.0147437
0.0147252
0.0147068
0.0146885
0.0146701
0.0146519
0.0146336
0.0146153
0.0145974
0.0145796
0.0145617
0.0145436
0.0145256
0.0145076
0.0144901
0.0144728
0.0144558
0.0144388
0.0144216
0.0144041
0.0143864
0.0143688
0.0143516
0.0143341
0.0143165
0.0142989
0.0142814
0.0142638
0.0142463
0.0142288
0.0142118
0.0141949
0.0141780
0.0141612
0.0141445
0.0141272
0.0141098
0.0140921
0.0140741
0.0140563
0.0140385
0.0140211
0.0140034
0.0139862
0.0139693
0.0139520
0.0139350
0.0139173
0.0138995
0.0138817
0.0138638
0.0138459
0.0138280
0.0138103
0.0137926
0.0137754
0.0137579
0.0137402
0.0137221
0.0137036
0.0136849
0.0136664
0.0136477
0.0136289
0.0136104
0.0135923
0.0135743
0.0135563
0.0135385
0.0135210
0.0135036
0.0134859
0.0134687
0.0134513
0.0134343
0.0134172
0.0133995
0.0133817
0.0133641
0.0133464
0.0133291
0.0133113
0.0132942
0.0132768
0.0132594
0.0132424
0.0132255
0.0132087
0.0131919
0.0131751
0.0131583
0.0131419
0.0131256
0.0131089
0.0130922
0.0130756
0.0130588
0.0130420
0.0130250
0.0130078
0.0129903
0.0129730
0.0129557
0.0129386
0.0129214
0.0129042
0.0128871
0.0128698
0.0128527
0.0128357
0.0128186
0.0128016
0.0127847
0.0127680
0.0127508
0.0127335
0.0127165
0.0127000
0.0126842
0.0126681
0.0126520
0.0126359
0.0126195
0.0126034
0.0125874
0.0125712
0.0125546
0.0125385
0.0125223
0.0125062
0.0124905
0.0124747
0.0124593
0.0124435
0.0124277
0.0124121
0.0123967
0.0123813
0.0123658
0.0123500
0.0123344
0.0123189
0.0123033
0.0122879
0.0122726
0.0122576
0.0122429
0.0122279
0.0122129
0.0121978
0.0121829
0.0121680
0.0121532
0.0121385
0.0121236
0.0121088
0.0120942
0.0120796
0.0120650
0.0120505
0.0120362
0.0120217
0.0120069
0.0119919
0.0119771
0.0119624
0.0119479
0.0119329
0.0119180
0.0119029
0.0118878
0.0118727
0.0118578
0.0118425
0.0118271
0.0118120
0.0117971
0.0117816
0.0117663
0.0117514
0.0117368
0.0117223
0.0117074
0.0116930
0.0116783
0.0116639
0.0116490
0.0116340
0.0116189
0.0116037
0.0115881
0.0115727
0.0115575
0.0115421
0.0115268
0.0115118
0.0114971
0.0114822
0.0114675
0.0114531
0.0114384
0.0114236
0.0114090
0.0113941
0.0113792
0.0113645
0.0113496
0.0113350
0.0113200
0.0113051
0.0112898
0.0112746
0.0112598
0.0112453
0.0112307
0.0112160
0.0112015
0.0111867
0.0111721
0.0111575
0.0111428
0.0111285
0.0111142
0.0111002
0.0110864
0.0110729
0.0110594
0.0110459
0.0110326
0.0110197
0.0110066
0.0109935
0.0109803
0.0109665
0.0109527
0.0109393
0.0109259
0.0109122
0.0108988
0.0108851
0.0108716
0.0108582
0.0108447
0.0108313
0.0108184
0.0108058
0.0107934
0.0107813
0.0107691
0.0107571
0.0107447
0.0107317
0.0107185
0.0107051
0.0106917
0.0106782
0.0106647
0.0106512
0.0106380
0.0106247
0.0106114
0.0105980
0.0105844
0.0105707
0.0105572
0.0105435
0.0105296
0.0105162
0.0105030
0.0104899
0.0104770
0.0104642
0.0104515
0.0104383
0.0104251
0.0104115
0.0103987
0.0103856
0.0103725
0.0103598
0.0103473
0.0103348
0.0103228
0.0103105
0.0102983
0.0102865
0.0102747
0.0102629
0.0102509
0.0102388
0.0102268
0.0102147
0.0102028
0.0101906
0.0101785
0.0101663
0.0101540
0.0101411
0.0101286
0.0101161
0.0101034
0.0100904
0.0100776
0.0100650
0.0100523
0.0100398
0.0100269
0.0100138
0.0100010
0.0099882
0.0099754
0.0099625
0.0099492
0.0099358
0.0099228
0.0099097
0.0098966
0.0098839
0.0098712
0.0098586
0.0098462
0.0098340
0.0098221
0.0098104
0.0097987
0.0097871
0.0097755
0.0097638
0.0097521
0.0097404
0.0097286
0.0097167
0.0097050
0.0096933
0.0096817
0.0096701
0.0096595
0.0096491
0.0096389
0.0096287
0.0096186
0.0096082
0.0095980
0.0095878
0.0095776
0.0095679
0.0095583
0.0095489
0.0095392
0.0095290
0.0095188
0.0095088
0.0094986
0.0094888
0.0094793
0.0094699
0.0094600
0.0094503
0.0094405
0.0094307
0.0094213
0.0094121
0.0094032
0.0093941
0.0093844
0.0093751
0.0093657
0.0093566
0.0093477
0.0093384
0.0093289
0.0093196
0.0093102
0.0093006
0.0092913
0.0092818
0.0092726
0.0092634
0.0092541
0.0092450
0.0092361
0.0092274
0.0092185
0.0092097
0.0092006
0.0091918
0.0091834
0.0091748
0.0091664
0.0091583
0.0091500
0.0091419
0.0091337
0.0091254
0.0091171
0.0091085
0.0091000
0.0090911
0.0090823
0.0090736
0.0090643
0.0090552
0.0090466
0.0090379
0.0090288
0.0090198
0.0090110
0.0090016
0.0089922
0.0089827
0.0089730
0.0089638
0.0089546
0.0089451
0.0089358
0.0089265
0.0089169
0.0089074
0.0088983
0.0088887
0.0088788
0.0088692
0.0088594
0.0088495
0.0088399
0.0088303
0.0088207
0.0088115
0.0088030
0.0087941
0.0087845
0.0087750
0.0087655
0.0087563
0.0087470
0.0087379
0.0087288
0.0087197
0.0087110
0.0087024
0.0086942
0.0086859
0.0086775
0.0086698
0.0086623
0.0086549
0.0086473
0.0086395
0.0086315
0.0086237
0.0086161
0.0086087
0.0086010
0.0085932
0.0085856
0.0085784
0.0085718
0.0085648
0.0085577
0.0085509
0.0085439
0.0085371
0.0085299
0.0085227
0.0085152
0.0085079
0.0085002
0.0084922
0.0084841
0.0084761
0.0084679
0.0084598
0.0084522
0.0084448
0.0084372
0.0084293
0.0084213
0.0084132
0.0084049
0.0083969
0.0083888
0.0083805
0.0083726
0.0083646
0.0083565
0.0083481
0.0083400
0.0083319
0.0083240
0.0083164
0.0083090
0.0083013
0.0082936
0.0082859
0.0082786
0.0082715
0.0082644
0.0082572
0.0082498
0.0082423
0.0082343
0.0082265
0.0082186
0.0082103
0.0082021
0.0081940
0.0081861
0.0081778
0.0081698
0.0081619
0.0081542
0.0081466
0.0081389
0.0081312
0.0081239
0.0081166
0.0081096
0.0081024
0.0080951
0.0080877
0.0080803
0.0080725
0.0080652
0.0080578
0.0080504
0.0080425
0.0080345
0.0080266
0.0080188
0.0080112
0.0080030
0.0079947
0.0079867
0.0079785
0.0079700
0.0079616
0.0079529
0.0079444
0.0079358
0.0079274
0.0079190
0.0079107
0.0079027
0.0078948
0.0078861
0.0078777
0.0078691
0.0078604
0.0078519
0.0078436
0.0078356
0.0078271
0.0078188
0.0078107
0.0078024
0.0077944
0.0077866
0.0077789
0.0077712
0.0077634
0.0077558
0.0077480
0.0077399
0.0077318
0.0077238
0.0077159
0.0077078
0.0076995
0.0076915
0.0076834
0.0076758
0.0076681
0.0076606
0.0076527
0.0076452
0.0076375
0.0076299
0.0076224
0.0076149
0.0076077
0.0076003
0.0075930
0.0075859
0.0075788
0.0075718
0.0075645
0.0075569
0.0075496
0.0075420
0.0075343
0.0075270
0.0075197
0.0075125
0.0075053
0.0074981
0.0074907
0.0074833
0.0074759
0.0074684
0.0074612
0.0074542
0.0074469
0.0074398
0.0074326
0.0074255
0.0074182
0.0074106
0.0074036
0.0073966
0.0073897
0.0073825
0.0073751
0.0073677
0.0073600
0.0073524
0.0073442
0.0073364
0.0073288
0.0073212
0.0073142
0.0073068
0.0072993
0.0072919
0.0072841
0.0072765
0.0072693
0.0072622
0.0072549
0.0072475
0.0072402
0.0072326
0.0072253
0.0072181
0.0072112
0.0072046
0.0071984
0.0071924
0.0071863
0.0071804
0.0071745
0.0071681
0.0071621
0.0071559
0.0071498
0.0071432
0.0071368
0.0071299
0.0071230
0.0071162
0.0071097
0.0071036
0.0070972
0.0070909
0.0070847
0.0070779
0.0070712
0.0070643
0.0070571
0.0070495
0.0070421
0.0070345
0.0070271
0.0070196
0.0070124
0.0070053
0.0069981
0.0069912
0.0069837
0.0069766
0.0069697
0.0069631
0.0069563
0.0069500
0.0069439
0.0069378
0.0069310
0.0069241
0.0069175
0.0069106
0.0069038
0.0068970
0.0068901
0.0068836
0.0068770
0.0068706
0.0068638
0.0068570
0.0068503
0.0068437
0.0068371
0.0068305
0.0068241
0.0068176
0.0068108
0.0068042
0.0067981
0.0067916
0.0067856
0.0067799
0.0067740
0.0067683
0.0067626
0.0067566
0.0067508
0.0067451
0.0067396
0.0067342
0.0067287
0.0067234
0.0067176
0.0067120
0.0067065
0.0067007
0.0066952
0.0066894
0.0066835
0.0066779
0.0066723
0.0066667
0.0066609
0.0066557
0.0066506
0.0066454
0.0066399
0.0066340
0.0066278
0.0066220
0.0066167
0.0066115
0.0066061
0.0066006
0.0065953
0.0065894
0.0065837
0.0065781
0.0065728
0.0065679
0.0065630
0.0065577
0.0065522
0.0065466
0.0065407
0.0065351
0.0065292
0.0065232
0.0065169
0.0065107
0.0065048
0.0064989
0.0064930
0.0064870
0.0064808
0.0064743
0.0064679
0.0064613
0.0064544
0.0064469
0.0064402
0.0064338
0.0064278
0.0064220
0.0064162
0.0064103
0.0064047
0.0063989
0.0063933
0.0063879
0.0063827
0.0063777
0.0063723
0.0063670
0.0063618
0.0063568
0.0063518
0.0063470
0.0063429
0.0063386
0.0063344
0.0063302
0.0063259
0.0063216
0.0063172
0.0063126
0.0063078
0.0063032
0.0062986
0.0062943
0.0062897
0.0062856
0.0062811
0.0062767
0.0062722
0.0062675
0.0062632
0.0062593
0.0062553
0.0062515
0.0062476
0.0062434
0.0062391
0.0062348
0.0062308
0.0062265
0.0062218
0.0062168
0.0062121
0.0062074
0.0062027
0.0061978
0.0061927
0.0061877
0.0061828
0.0061778
0.0061727
0.0061677
0.0061628
0.0061578
0.0061528
0.0061479
0.0061427
0.0061377
0.0061326
0.0061279
0.0061230
0.0061180
0.0061131
0.0061082
0.0061034
0.0060990
0.0060943
0.0060898
0.0060852
0.0060804
0.0060759
0.0060714
0.0060674
0.0060632
0.0060593
0.0060557
0.0060523
0.0060489
0.0060455
0.0060419
0.0060389
0.0060358
0.0060329
0.0060303
0.0060274
0.0060244
0.0060211
0.0060178
0.0060145
0.0060109
0.0060071
0.0060033
0.0059993
0.0059951
0.0059909
0.0059866
0.0059823
0.0059785
0.0059747
0.0059709
0.0059671
0.0059632
0.0059594
0.0059557
0.0059518
0.0059481
0.0059441
0.0059405
0.0059368
0.0059336
0.0059305
0.0059270
0.0059235
0.0059201
0.0059163
0.0059124
0.0059087
0.0059048
0.0059014
0.0058977
0.0058940
0.0058903
0.0058867
0.0058830
0.0058798
0.0058766
0.0058735
0.0058704
0.0058671
0.0058637
0.0058606
0.0058574
0.0058541
0.0058510
0.0058482
0.0058456
0.0058427
0.0058400
0.0058378
0.0058352
0.0058325
0.0058297
0.0058269
0.0058238
0.0058206
0.0058176
0.0058147
0.0058119
0.0058088
0.0058052
0.0058011
0.0057968
0.0057922
0.0057873
0.0057827
0.0057780
0.0057736
0.0057693
0.0057649
0.0057608
0.0057566
0.0057523
0.0057483
0.0057436
0.0057389
0.0057334
0.0057278
0.0057218
0.0057159
0.0057098
0.0057036
0.0056973
0.0056909
0.0056849
0.0056788
0.0056723
0.0056662
0.0056602
0.0056535
0.0056468
0.0056399
0.0056331
0.0056264
0.0056199
0.0056130
0.0056065
0.0056001
0.0055936
0.0055870
0.0055804
0.0055740
0.0055676
0.0055611
0.0055547
0.0055483
0.0055415
0.0055351
0.0055292
0.0055231
0.0055171
0.0055109
0.0055046
0.0054984
0.0054926
0.0054871
0.0054817
0.0054761
0.0054707
0.0054650
0.0054593
0.0054536
0.0054474
0.0054408
0.0054336
0.0054262
0.0054190
0.0054119
0.0054055
0.0053992
0.0053925
0.0053860
0.0053798
0.0053737
0.0053680
0.0053622
0.0053563
0.0053504
0.0053445
0.0053388
0.0053336
0.0053282
0.0053229
0.0053176
0.0053122
0.0053073
0.0053029
0.0052988
0.0052945
0.0052901
0.0052858
0.0052810
0.0052761
0.0052712
0.0052659
0.0052601
0.0052540
0.0052481
0.0052420
0.0052359
0.0052301
0.0052242
0.0052184
0.0052127
0.0052068
0.0052013
0.0051957
0.0051904
0.0051851
0.0051797
0.0051746
0.0051692
0.0051642
0.0051587
0.0051535
0.0051483
0.0051431
0.0051378
0.0051323
0.0051269
0.0051214
0.0051157
0.0051099
0.0051042
0.0050987
0.0050934
0.0050882
0.0050832
0.0050781
0.0050730
0.0050683
0.0050633
0.0050580
0.0050529
0.0050475
0.0050422
0.0050369
0.0050313
0.0050257
0.0050198
0.0050141
0.0050084
0.0050026
0.0049968
0.0049912
0.0049852
0.0049793
0.0049732
0.0049674
0.0049615
0.0049558
0.0049502
0.0049446
0.0049393
0.0049343
0.0049293
0.0049243
0.0049189
0.0049140
0.0049094
0.0049051
0.0049006
0.0048961
0.0048919
0.0048881
0.0048847
0.0048815
0.0048779
0.0048739
0.0048696
0.0048653
0.0048610
0.0048568
0.0048526
0.0048482
0.0048443
0.0048403
0.0048364
0.0048324
0.0048285
0.0048246
0.0048207
0.0048166
0.0048127
0.0048082
0.0048036
0.0047988
0.0047943
0.0047895
0.0047851
0.0047801
0.0047755
0.0047710
0.0047662
0.0047619
0.0047582
0.0047543
0.0047501
0.0047459
0.0047415
0.0047370
0.0047326
0.0047287
0.0047244
0.0047199
0.0047155
0.0047109
0.0047061
0.0047014
0.0046969
0.0046924
0.0046876
0.0046829
0.0046783
0.0046740
0.0046700
0.0046658
0.0046620
0.0046579
0.0046538
0.0046500
0.0046463
0.0046428
0.0046395
0.0046363
0.0046332
0.0046302
0.0046275
0.0046249
0.0046222
0.0046191
0.0046159
0.0046127
0.0046093
0.0046063
0.0046037
0.0046009
0.0045981
0.0045954
0.0045929
0.0045906
0.0045886
0.0045870
0.0045854
0.0045840
0.0045825
0.0045809
0.0045795
0.0045778
0.0045760
0.0045738
0.0045714
0.0045689
0.0045660
0.0045636
0.0045616
0.0045597
0.0045575
0.0045554
0.0045534
0.0045513
0.0045489
0.0045463
0.0045435
0.0045406
0.0045378
0.0045348
0.0045314
0.0045282
0.0045249
0.0045213
0.0045176
0.0045140
0.0045104
0.0045069
0.0045036
0.0045003
0.0044968
0.0044931
0.0044893
0.0044857
0.0044816
0.0044777
0.0044739
0.0044702
0.0044668
0.0044632
0.0044601
0.0044569
0.0044534
0.0044497
0.0044463
0.0044428
0.0044394
0.0044359
0.0044324
0.0044288
0.0044251
0.0044218
0.0044186
0.0044151
0.0044113
0.0044077
0.0044042
0.0044005
0.0043969
0.0043935
0.0043906
0.0043874
0.0043841
0.0043808
0.0043783
0.0043757
0.0043731
0.0043700
0.0043672
0.0043644
0.0043610
0.0043580
0.0043546
0.0043517
0.0043492
0.0043470
0.0043445
0.0043418
0.0043389
0.0043364
0.0043339
0.0043315
0.0043290
0.0043263
0.0043240
0.0043218
0.0043197
0.0043173
0.0043151
0.0043132
0.0043115
0.0043096
0.0043079
0.0043061
0.0043045
0.0043031
0.0043018
0.0043003
0.0042984
0.0042962
0.0042944
0.0042923
0.0042901
0.0042881
0.0042858
0.0042836
0.0042810
0.0042784
0.0042756
0.0042729
0.0042705
0.0042679
0.0042656
0.0042634
0.0042614
0.0042594
0.0042573
0.0042553
0.0042531
0.0042507
0.0042486
0.0042467
0.0042445
0.0042426
0.0042410
0.0042392
0.0042373
0.0042353
0.0042326
0.0042300
0.0042278
0.0042257
0.0042236
0.0042214
0.0042195
0.0042174
0.0042154
0.0042130
0.0042101
0.0042072
0.0042046
0.0042023
0.0042001
0.0041976
0.0041951
0.0041925
0.0041902
0.0041879
0.0041857
0.0041835
0.0041813
0.0041787
0.0041766
0.0041744
0.0041718
0.0041689
0.0041663
0.0041638
0.0041614
0.0041592
0.0041570
0.0041544
0.0041522
0.0041497
0.0041472
0.0041447
0.0041419
0.0041389
0.0041363
0.0041336
0.0041311
0.0041290
0.0041275
0.0041261
0.0041249
0.0041232
0.0041211
0.0041192
0.0041175
0.0041158
0.0041142
0.0041126
0.0041109
0.0041094
0.0041079
0.0041062
0.0041045
0.0041026
0.0041005
0.0040983
0.0040960
0.0040937
0.0040916
0.0040898
0.0040882
0.0040862
0.0040844
0.0040824
0.0040803
0.0040779
0.0040756
0.0040732
0.0040706
0.0040679
0.0040650
0.0040621
0.0040591
0.0040561
0.0040535
0.0040506
0.0040477
0.0040449
0.0040421
0.0040389
0.0040359
0.0040327
0.0040294
0.0040259
0.0040223
0.0040191
0.0040158
0.0040122
0.0040086
0.0040053
0.0040019
0.0039989
0.0039957
0.0039929
0.0039901
0.0039877
0.0039852
0.0039824
0.0039798
0.0039774
0.0039748
0.0039722
0.0039696
0.0039669
0.0039644
0.0039621
0.0039603
0.0039585
0.0039564
0.0039547
0.0039529
0.0039511
0.0039494
0.0039478
0.0039464
0.0039449
0.0039437
0.0039424
0.0039409
0.0039391
0.0039369
0.0039348
0.0039327
0.0039305
0.0039283
0.0039261
0.0039234
0.0039212
0.0039189
0.0039162
0.0039135
0.0039109
0.0039086
0.0039063
0.0039045
0.0039025
0.0039003
0.0038980
0.0038955
0.0038936
0.0038917
0.0038895
0.0038874
0.0038855
0.0038842
0.0038827
0.0038811
0.0038796
0.0038786
0.0038775
0.0038767
0.0038761
0.0038753
0.0038750
0.0038749
0.0038744
0.0038736
0.0038733
0.0038730
0.0038724
0.0038714
0.0038699
0.0038687
0.0038675
0.0038665
0.0038655
0.0038642
0.0038632
0.0038622
0.0038614
0.0038606
0.0038602
0.0038594
0.0038581
0.0038570
0.0038559
0.0038546
0.0038535
0.0038522
0.0038512
0.0038502
0.0038494
0.0038482
0.0038472
0.0038458
0.0038445
0.0038434
0.0038425
0.0038413
0.0038404
0.0038395
0.0038386
0.0038374
0.0038360
0.0038342
0.0038329
0.0038314
0.0038297
0.0038280
0.0038269
0.0038265
0.0038257
0.0038245
0.0038233
0.0038220
0.0038204
0.0038188
0.0038173
0.0038151
0.0038138
0.0038125
0.0038111
0.0038097
0.0038087
0.0038079
0.0038073
0.0038068
0.0038064
0.0038057
0.0038049
0.0038038
0.0038026
0.0038009
0.0037994
0.0037980
0.0037966
0.0037953
0.0037941
0.0037926
0.0037912
0.0037898
0.0037880
0.0037865
0.0037850
0.0037833
0.0037816
0.0037794
0.0037775
0.0037753
0.0037729
0.0037706
0.0037685
0.0037661
0.0037635
0.0037613
0.0037593
0.0037575
0.0037558
0.0037543
0.0037531
0.0037519
0.0037507
0.0037489
0.0037471
0.0037459
0.0037446
0.0037431
0.0037413
0.0037393
0.0037376
0.0037359
0.0037342
0.0037329
0.0037311
0.0037292
0.0037273
0.0037253
0.0037232
0.0037216
0.0037198
0.0037179
0.0037162
0.0037147
0.0037131
0.0037115
0.0037097
0.0037077
0.0037057
0.0037044
0.0037029
0.0037014
0.0036998
0.0036979
0.0036959
0.0036948
0.0036937
0.0036926
0.0036920
0.0036914
0.0036911
0.0036907
0.0036907
0.0036907
0.0036908
0.0036908
0.0036908
0.0036905
0.0036901
0.0036895
0.0036891
0.0036886
0.0036886
0.0036888
0.0036889
0.0036893
0.0036896
0.0036901
0.0036906
0.0036910
0.0036915
0.0036920
0.0036924
0.0036925
0.0036923
0.0036921
0.0036917
0.0036911
0.0036901
0.0036897
0.0036893
0.0036893
0.0036888
0.0036884
0.0036879
0.0036876
0.0036877
0.0036881
0.0036885
0.0036888
0.0036892
0.0036894
0.0036894
0.0036894
0.0036895
0.0036898
0.0036898
0.0036899
0.0036903
0.0036903
0.0036898
0.0036892
0.0036885
0.0036876
0.0036863
0.0036859
0.0036853
0.0036851
0.0036850
0.0036850
0.0036845
0.0036844
0.0036840
0.0036834
0.0036825
0.0036816
0.0036807
0.0036791
0.0036776
0.0036765
0.0036755
0.0036741
0.0036725
0.0036704
0.0036685
0.0036662
0.0036643
0.0036626
0.0036609
0.0036596
0.0036582
0.0036568
0.0036556
0.0036545
0.0036531
0.0036518
0.0036504
0.0036488
0.0036473
0.0036455
0.0036437
0.0036425
0.0036411
0.0036398
0.0036379
0.0036361
0.0036349
0.0036338
0.0036325
0.0036315
0.0036306
0.0036300
0.0036297
0.0036300
0.0036300
0.0036298
0.0036300
0.0036302
0.0036299
0.0036297
0.0036292
0.0036284
0.0036278
0.0036270
0.0036264
0.0036257
0.0036250
0.0036243
0.0036235
0.0036224
0.0036213
0.0036202
0.0036188
0.0036176
0.0036163
0.0036152
0.0036142
0.0036128
0.0036116
0.0036106
0.0036098
0.0036089
0.0036083
0.0036082
0.0036079
0.0036077
0.0036074
0.0036067
0.0036062
0.0036060
0.0036055
0.0036053
0.0036048
0.0036044
0.0036043
0.0036040
0.0036034
0.0036031
0.0036024
0.0036015
0.0036009
0.0036002
0.0035989
0.0035973
0.0035959
0.0035945
0.0035935
0.0035924
0.0035914
0.0035904
0.0035891
0.0035875
0.0035854
0.0035834
0.0035808
0.0035780
0.0035755
0.0035734
0.0035714
0.0035696
0.0035674
0.0035652
0.0035628
0.0035606
0.0035581
0.0035561
0.0035541
0.0035522
0.0035499
0.0035473
0.0035442
0.0035409
0.0035375
0.0035344
0.0035316
0.0035288
0.0035263
0.0035240
0.0035217
0.0035192
0.0035167
0.0035148
0.0035130
0.0035112
0.0035096
0.0035080
0.0035070
0.0035055
0.0035044
0.0035037
0.0035033
0.0035027
0.0035021
0.0035012
0.0035005
0.0034998
0.0034991
0.0034978
0.0034964
0.0034948
0.0034932
0.0034914
0.0034892
0.0034870
0.0034851
0.0034836
0.0034823
0.0034811
0.0034801
0.0034789
0.0034776
0.0034765
0.0034755
0.0034742
0.0034732
0.0034716
0.0034700
0.0034682
0.0034666
0.0034651
0.0034636
0.0034620
0.0034598
0.0034578
0.0034559
0.0034538
0.0034515
0.0034492
0.0034467
0.0034444
0.0034421
0.0034398
0.0034373
0.0034351
0.0034329
0.0034302
0.0034266
0.0034230
0.0034196
0.0034164
0.0034131
0.0034101
0.0034071
0.0034039
0.0034008
0.0033975
0.0033948
0.0033918
0.0033886
0.0033854
0.0033819
0.0033784
0.0033752
0.0033724
0.0033695
0.0033669
0.0033647
0.0033624
0.0033602
0.0033573
0.0033546
0.0033516
0.0033487
0.0033453
0.0033424
0.0033398
0.0033373
0.0033349
0.0033327
0.0033307
0.0033288
0.0033271
0.0033251
0.0033230
0.0033206
0.0033185
0.0033163
0.0033142
0.0033123
0.0033105
0.0033085
0.0033062
0.0033040
0.0033013
0.0032989
0.0032967
0.0032945
0.0032923
0.0032902
0.0032883
0.0032860
0.0032839
0.0032816
0.0032791
0.0032765
0.0032739
0.0032714
0.0032689
0.0032665
0.0032642
0.0032614
0.0032586
0.0032563
0.0032534
0.0032500
0.0032470
0.0032445
0.0032420
0.0032395
0.0032372
0.0032351
0.0032329
0.0032305
0.0032277
0.0032251
0.0032228
0.0032204
0.0032176
0.0032148
0.0032121
0.0032094
0.0032068
0.0032043
0.0032020
0.0031996
0.0031972
0.0031944
0.0031918
0.0031892
0.0031864
0.0031836
0.0031816
0.0031794
0.0031769
0.0031743
0.0031718
0.0031694
0.0031673
0.0031654
0.0031635
0.0031617
0.0031603
0.0031588
0.0031577
0.0031565
0.0031550
0.0031529
0.0031505
0.0031487
0.0031467
0.0031447
0.0031425
0.0031401
0.0031377
0.0031352
0.0031326
0.0031301
0.0031275
0.0031249
0.0031220
0.0031192
0.0031164
0.0031138
0.0031113
0.0031082
0.0031057
0.0031032
0.0031006
0.0030983
0.0030964
0.0030940
0.0030921
0.0030905
0.0030889
0.0030877
0.0030866
0.0030852
0.0030842
0.0030827
0.0030811
0.0030798
0.0030780
0.0030761
0.0030739
0.0030717
0.0030701
0.0030686
0.0030670
0.0030652
0.0030637
0.0030625
0.0030612
0.0030599
0.0030586
0.0030568
0.0030554
0.0030537
0.0030522
0.0030507
0.0030491
0.0030477
0.0030463
0.0030448
0.0030431
0.0030414
0.0030402
0.0030388
0.0030374
0.0030357
0.0030342
0.0030331
0.0030320
0.0030307
0.0030294
0.0030282
0.0030263
0.0030244
0.0030228
0.0030213
0.0030199
0.0030188
0.0030183
0.0030178
0.0030173
0.0030169
0.0030164
0.0030156
0.0030147
0.0030133
0.0030117
0.0030101
0.0030090
0.0030081
0.0030074
0.0030064
0.0030054
0.0030041
0.0030031
0.0030020
0.0030010
0.0030004
0.0030004
0.0030004
0.0030003
0.0030006
0.0030005
0.0030002
0.0029999
0.0029996
0.0029994
0.0029996
0.0029999
0.0030002
0.0030002
0.0030001
0.0030001
0.0030000
0.0030003
0.0030002
0.0029997
0.0029993
0.0029988
0.0029985
0.0029979
0.0029976
0.0029971
0.0029962
0.0029955
0.0029945
0.0029935
0.0029926
0.0029917
0.0029908
0.0029904
0.0029898
0.0029893
0.0029889
0.0029884
0.0029879
0.0029871
0.0029862
0.0029851
0.0029843
0.0029832
0.0029827
0.0029825
0.0029826
0.0029822
0.0029816
0.0029812
0.0029806
0.0029802
0.0029795
0.0029789
0.0029782
0.0029768
0.0029751
0.0029734
0.0029715
0.0029703
0.0029688
0.0029671
0.0029654
0.0029634
0.0029614
0.0029597
0.0029573
0.0029553
0.0029538
0.0029522
0.0029510
0.0029497
0.0029480
0.0029458
0.0029436
0.0029416
0.0029400
0.0029383
0.0029370
0.0029357
0.0029344
0.0029331
0.0029316
0.0029300
0.0029282
0.0029266
0.0029250
0.0029233
0.0029217
0.0029197
0.0029179
0.0029161
0.0029137
0.0029118
0.0029103
0.0029093
0.0029081
0.0029069
0.0029064
0.0029059
0.0029056
0.0029051
0.0029048
0.0029041
0.0029036
0.0029033
0.0029024
0.0029014
0.0029004
0.0028996
0.0028993
0.0028989
0.0028983
0.0028978
0.0028976
0.0028968
0.0028966
0.0028965
0.0028967
0.0028967
0.0028971
0.0028973
0.0028969
0.0028965
0.0028966
0.0028966
0.0028963
0.0028961
0.0028957
0.0028956
0.0028954
0.0028951
0.0028948
0.0028943
0.0028936
0.0028926
0.0028922
0.0028916
0.0028911
0.0028903
0.0028896
0.0028887
0.0028880
0.0028873
0.0028865
0.0028855
0.0028845
0.0028831
0.0028815
0.0028804
0.0028792
0.0028782
0.0028774
0.0028766
0.0028759
0.0028754
0.0028751
0.0028747
0.0028741
0.0028735
0.0028724
0.0028709
0.0028699
0.0028692
0.0028682
0.0028672
0.0028666
0.0028659
0.0028658
0.0028653
0.0028648
0.0028645
0.0028643
0.0028641
0.0028645
0.0028643
0.0028642
0.0028639
0.0028637
0.0028639
0.0028638
0.0028640
0.0028643
0.0028645
0.0028643
0.0028643
0.0028642
0.0028642
0.0028644
0.0028645
0.0028646
0.0028646
0.0028651
0.0028652
0.0028650
0.0028652
0.0028657
0.0028657
0.0028656
0.0028653
0.0028647
0.0028641
0.0028633
0.0028622
0.0028610
0.0028599
0.0028587
0.0028573
0.0028560
0.0028548
0.0028536
0.0028522
0.0028511
0.0028503
0.0028494
0.0028485
0.0028470
0.0028454
0.0028447
0.0028436
0.0028421
0.0028411
0.0028400
0.0028388
0.0028380
0.0028371
0.0028359
0.0028346
0.0028329
0.0028314
0.0028301
0.0028287
0.0028277
0.0028264
0.0028250
0.0028235
0.0028224
0.0028210
0.0028202
0.0028193
0.0028187
0.0028184
0.0028179
0.0028175
0.0028169
0.0028162
0.0028152
0.0028145
0.0028137
0.0028130
0.0028122
0.0028115
0.0028109
0.0028104
0.0028098
0.0028093
0.0028089
0.0028087
0.0028086
0.0028083
0.0028081
0.0028076
0.0028071
0.0028066
0.0028066
0.0028063
0.0028059
0.0028049
0.0028036
0.0028025
0.0028012
0.0027999
0.0027994
0.0027983
0.0027972
0.0027957
0.0027937
0.0027919
0.0027905
0.0027896
0.0027886
0.0027875
0.0027866
0.0027856
0.0027845
0.0027830
0.0027816
0.0027802
0.0027785
0.0027766
0.0027744
0.0027724
0.0027704
0.0027688
0.0027673
0.0027666
0.0027657
0.0027645
0.0027640
0.0027637
0.0027632
0.0027630
0.0027629
0.0027632
0.0027632
0.0027637
0.0027636
0.0027634
0.0027627
0.0027619
0.0027610
0.0027600
0.0027594
0.0027585
0.0027574
0.0027560
0.0027543
0.0027531
0.0027523
0.0027517
0.0027512
0.0027500
0.0027491
0.0027478
0.0027468
0.0027456
0.0027442
0.0027432
0.0027425
0.0027417
0.0027407
0.0027399
0.0027390
0.0027386
0.0027384
0.0027378
0.0027373
0.0027362
0.0027355
0.0027348
0.0027342
0.0027342
0.0027342
0.0027344
0.0027344
0.0027344
0.0027341
0.0027339
0.0027339
0.0027337
0.0027337
0.0027341
0.0027343
0.0027346
0.0027347
0.0027346
0.0027346
0.0027343
0.0027338
0.0027331
0.0027327
0.0027327
0.0027327
0.0027329
0.0027331
0.0027330
0.0027327
0.0027324
0.0027319
0.0027314
0.0027306
0.0027297
0.0027288
0.0027274
0.0027260
0.0027244
0.0027228
0.0027215
0.0027197
0.0027179
0.0027163
0.0027147
0.0027129
0.0027108
0.0027089
0.0027071
0.0027052
0.0027033
0.0027016
0.0027000
0.0026984
0.0026961
0.0026939
0.0026917
0.0026894
0.0026871
0.0026847
0.0026824
0.0026803
0.0026783
0.0026766
0.0026751
0.0026735
0.0026716
0.0026698
0.0026673
0.0026648
0.0026621
0.0026590
0.0026559
0.0026523
0.0026488
0.0026450
0.0026417
0.0026384
0.0026349
0.0026313
0.0026281
0.0026248
0.0026213
0.0026178
0.0026147
0.0026115
0.0026082
0.0026049
0.0026022
0.0025991
0.0025956
0.0025918
0.0025878
0.0025840
0.0025804
0.0025775
0.0025748
0.0025718
0.0025686
0.0025657
0.0025626
0.0025593
0.0025562
0.0025529
0.0025496
0.0025463
0.0025428
0.0025395
0.0025362
0.0025327
0.0025296
0.0025264
0.0025231
0.0025196
0.0025158
0.0025123
0.0025093
0.0025058
0.0025024
0.0024992
0.0024957
0.0024921
0.0024885
0.0024850
0.0024813
0.0024779
0.0024742
0.0024705
0.0024666
0.0024624
0.0024585
0.0024545
0.0024513
0.0024482
0.0024456
0.0024427
0.0024397
0.0024370
0.0024349
0.0024330
0.0024308
0.0024285
0.0024269
0.0024252
0.0024239
0.0024221
0.0024201
0.0024187
0.0024168
0.0024152
0.0024130
0.0024105
0.0024078
0.0024054
0.0024030
0.0024010
0.0023990
0.0023969
0.0023949
0.0023926
0.0023906
0.0023883
0.0023858
0.0023833
0.0023805
0.0023774
0.0023739
0.0023705
0.0023677
0.0023646
0.0023615
0.0023583
0.0023552
0.0023518
0.0023483
0.0023445
0.0023407
0.0023373
0.0023338
0.0023306
0.0023273
0.0023242
0.0023212
0.0023180
0.0023152
0.0023122
0.0023096
0.0023071
0.0023048
0.0023025
0.0022996
0.0022964
0.0022934
0.0022904
0.0022869
0.0022835
0.0022801
0.0022764
0.0022732
0.0022698
0.0022662
0.0022622
0.0022580
0.0022538
0.0022496
0.0022456
0.0022417
0.0022379
0.0022347
0.0022311
0.0022275
0.0022242
0.0022209
0.0022175
0.0022145
0.0022116
0.0022087
0.0022053
0.0022018
0.0021981
0.0021944
0.0021904
0.0021863
0.0021821
0.0021782
0.0021742
0.0021700
0.0021655
0.0021613
0.0021573
0.0021529
0.0021490
0.0021450
0.0021409
0.0021365
0.0021317
0.0021267
0.0021215
0.0021160
0.0021105
0.0021050
0.0020997
0.0020943
0.0020891
0.0020845
0.0020799
0.0020757
0.0020718
0.0020677
0.0020633
0.0020592
0.0020549
0.0020506
0.0020462
0.0020421
0.0020382
0.0020346
0.0020306
0.0020267
0.0020232
0.0020193
0.0020154
0.0020118
0.0020080
0.0020041
0.0020004
0.0019967
0.0019931
0.0019900
0.0019864
0.0019824
0.0019784
0.0019745
0.0019707
0.0019668
0.0019632
0.0019593
0.0019550
0.0019509
0.0019467
0.0019423
0.0019380
0.0019334
0.0019290
0.0019244
0.0019199
0.0019151
0.0019107
0.0019063
0.0019017
0.0018964
0.0018916
0.0018867
0.0018818
0.0018772
0.0018724
0.0018677
0.0018628
0.0018578
0.0018525
0.0018471
0.0018421
0.0018370
0.0018312
0.0018252
0.0018193
0.0018136
0.0018077
0.0018021
0.0017964
0.0017905
0.0017842
0.0017773
0.0017706
0.0017638
0.0017571
0.0017506
0.0017443
0.0017379
0.0017323
0.0017266
0.0017210
0.0017156
0.0017103
0.0017047
0.0016992
0.0016938
0.0016882
0.0016827
0.0016769
0.0016713
0.0016657
0.0016601
0.0016543
0.0016488
0.0016437
0.0016384
0.0016331
0.0016281
0.0016227
0.0016170
0.0016119
0.0016073
0.0016024
0.0015977
0.0015934
0.0015887
0.0015842
0.0015796
0.0015751
0.0015708
0.0015668
0.0015628
0.0015592
0.0015555
0.0015519
0.0015483
0.0015446
0.0015407
0.0015367
0.0015327
0.0015286
0.0015245
0.0015208
0.0015170
0.0015130
0.0015090
0.0015046
0.0015003
0.0014965
0.0014926
0.0014889
0.0014848
0.0014812
0.0014778
0.0014745
0.0014711
0.0014676
0.0014640
0.0014601
0.0014566
0.0014533
0.0014502
0.0014472
0.0014442
0.0014410
0.0014375
0.0014344
0.0014313
0.0014278
0.0014245
0.0014210
0.0014173
0.0014140
0.0014107
0.0014076
0.0014045
0.0014010
0.0013976
0.0013943
0.0013910
0.0013877
0.0013850
0.0013828
0.0013803
0.0013774
0.0013744
0.0013716
0.0013688
0.0013657
0.0013626
0.0013598
0.0013568
0.0013538
0.0013507
0.0013471
0.0013437
0.0013403
0.0013364
0.0013324
0.0013287
0.0013252
0.0013214
0.0013178
0.0013142
0.0013104
0.0013067
0.0013029
0.0012995
0.0012966
0.0012936
0.0012906
0.0012877
0.0012851
0.0012828
0.0012802
0.0012771
0.0012741
0.0012711
0.0012680
0.0012651
0.0012621
0.0012594
0.0012566
0.0012543
0.0012516
0.0012493
0.0012470
0.0012445
0.0012420
0.0012393
0.0012368
0.0012343
0.0012319
0.0012288
0.0012254
0.0012221
0.0012186
0.0012151
0.0012122
0.0012096
0.0012069
0.0012041
0.0012014
0.0011983
0.0011956
0.0011927
0.0011900
0.0011876
0.0011853
0.0011833
0.0011816
0.0011800
0.0011787
0.0011773
0.0011762
0.0011752
0.0011742
0.0011732
0.0011721
0.0011707
0.0011694
0.0011681
0.0011670
0.0011658
0.0011644
0.0011632
0.0011619
0.0011605
0.0011597
0.0011587
0.0011580
0.0011568
0.0011554
0.0011541
0.0011528
0.0011512
0.0011495
0.0011477
0.0011459
0.0011436
0.0011410
0.0011382
0.0011353
0.0011329
0.0011303
0.0011274
0.0011245
0.0011216
0.0011189
0.0011159
0.0011129
0.0011101
0.0011070
0.0011037
0.0011009
0.0010977
0.0010948
0.0010922
0.0010892
0.0010868
0.0010844
0.0010819
0.0010796
0.0010777
0.0010758
0.0010737
0.0010714
0.0010692
0.0010671
0.0010650
0.0010629
0.0010607
0.0010588
0.0010571
0.0010555
0.0010541
0.0010527
0.0010510
0.0010497
0.0010483
0.0010468
0.0010452
0.0010436
0.0010421
0.0010403
0.0010387
0.0010372
0.0010357
0.0010344
0.0010333
0.0010320
0.0010303
0.0010285
0.0010265
0.0010243
0.0010220
0.0010197
0.0010174
0.0010156
0.0010132
0.0010103
0.0010073
0.0010042
0.0010013
0.0009983
0.0009953
0.0009922
0.0009894
0.0009867
0.0009841
0.0009816
0.0009787
0.0009760
0.0009733
0.0009706
0.0009679
0.0009656
0.0009633
0.0009604
0.0009581
0.0009555
0.0009533
0.0009510
0.0009489
0.0009469
0.0009448
0.0009428
0.0009409
0.0009392
0.0009370
0.0009347
0.0009323
0.0009297
0.0009273
0.0009248
0.0009225
0.0009202
0.0009177
0.0009154
0.0009135
0.0009114
0.0009096
0.0009076
0.0009053
0.0009028
0.0009004
0.0008981
0.0008954
0.0008925
0.0008894
0.0008862
0.0008825
0.0008788
0.0008750
0.0008716
0.0008678
0.0008642
0.0008609
0.0008577
0.0008545
0.0008513
0.0008477
0.0008445
0.0008408
0.0008373
0.0008337
0.0008298
0.0008266
0.0008233
0.0008197
0.0008161
0.0008123
0.0008086
0.0008047
0.0008010
0.0007972
0.0007936
0.0007899
0.0007862
0.0007830
0.0007795
0.0007759
0.0007722
0.0007685
0.0007651
0.0007614
0.0007579
0.0007543
0.0007509
0.0007475
0.0007442
0.0007412
0.0007384
0.0007357
0.0007331
0.0007306
0.0007280
0.0007249
0.0007215
0.0007192
0.0007169
0.0007146
0.0007120
0.0007099
0.0007077
0.0007055
0.0007031
0.0007001
0.0006975
0.0006949
0.0006922
0.0006891
0.0006857
0.0006818
0.0006782
0.0006743
0.0006704
0.0006667
0.0006635
0.0006604
0.0006572
0.0006540
0.0006511
0.0006483
0.0006451
0.0006420
0.0006383
0.0006347
0.0006308
0.0006268
0.0006234
0.0006200
0.0006166
0.0006127
0.0006090
0.0006054
0.0006018
0.0005979
0.0005941
0.0005903
0.0005862
0.0005822
0.0005784
0.0005746
0.0005710
0.0005676
0.0005641
0.0005604
0.0005565
0.0005525
0.0005485
0.0005444
0.0005404
0.0005365
0.0005325
0.0005283
0.0005241
0.0005199
0.0005157
0.0005115
0.0005070
0.0005026
0.0004981
0.0004933
0.0004888
0.0004845
0.0004802
0.0004760
0.0004717
0.0004677
0.0004636
0.0004592
0.0004543
0.0004497
0.0004457
0.0004415
0.0004379
0.0004341
0.0004305
0.0004270
0.0004234
0.0004196
0.0004157
0.0004122
0.0004091
0.0004060
0.0004031
0.0004003
0.0003975
0.0003947
0.0003917
0.0003887
0.0003857
0.0003827
0.0003796
0.0003769
0.0003745
0.0003720
0.0003695
0.0003671
0.0003650
0.0003627
0.0003604
0.0003583
0.0003559
0.0003533
0.0003511
0.0003486
0.0003462
0.0003441
0.0003421
0.0003399
0.0003380
0.0003365
0.0003348
0.0003333
0.0003315
0.0003297
0.0003280
0.0003269
0.0003257
0.0003246
0.0003236
0.0003226
0.0003214
0.0003203
0.0003193
0.0003184
0.0003170
0.0003154
0.0003137
0.0003117
0.0003100
0.0003087
0.0003070
0.0003058
0.0003045
0.0003032
0.0003021
0.0003009
0.0002996
0.0002987
0.0002979
0.0002975
0.0002964
0.0002955
0.0002948
0.0002939
0.0002932
0.0002927
0.0002917
0.0002910
0.0002903
0.0002894
0.0002888
0.0002879
0.0002873
0.0002870
0.0002864
0.0002858
0.0002854
0.0002853
0.0002847
0.0002847
0.0002846
0.0002846
0.0002845
0.0002845
0.0002839
0.0002831
0.0002827
0.0002823
0.0002815
0.0002810
0.0002809
0.0002807
0.0002804
0.0002801
0.0002796
0.0002787
0.0002780
0.0002775
0.0002773
0.0002768
0.0002763
0.0002755
0.0002746
0.0002735
0.0002726
0.0002719
0.0002710
0.0002700
0.0002691
0.0002678
0.0002664
0.0002647
0.0002629
0.0002614
0.0002601
0.0002588
0.0002577
0.0002570
0.0002559
0.0002549
0.0002535
0.0002520
0.0002507
0.0002499
0.0002489
0.0002478
0.0002463
0.0002449
0.0002438
0.0002431
0.0002422
0.0002411
0.0002401
0.0002389
0.0002376
0.0002367
0.0002364
0.0002357
0.0002350
0.0002341
0.0002331
0.0002325
0.0002320
0.0002314
0.0002310
0.0002305
0.0002297
0.0002289
0.0002279
0.0002266
0.0002254
0.0002244
0.0002235
0.0002226
0.0002221
0.0002214
0.0002208
0.0002204
0.0002199
0.0002197
0.0002196
0.0002194
0.0002193
0.0002196
0.0002204
0.0002214
0.0002223
0.0002232
0.0002241
0.0002248
0.0002249
0.0002248
0.0002245
0.0002245
0.0002247
0.0002250
0.0002252
0.0002252
0.0002250
0.0002247
0.0002242
0.0002236
0.0002230
0.0002228
0.0002225
0.0002224
0.0002227
0.0002224
0.0002221
0.0002214
0.0002211
0.0002207
0.0002204
0.0002203
0.0002197
0.0002194
0.0002189
0.0002182
0.0002178
0.0002171
0.0002166
0.0002164
0.0002166
0.0002167
0.0002170
0.0002176
0.0002182
0.0002187
0.0002195
0.0002198
0.0002198
0.0002198
0.0002197
0.0002195
0.0002191
0.0002185
0.0002180
0.0002177
0.0002178
0.0002180
0.0002183
0.0002184
0.0002183
0.0002181
0.0002179
0.0002177
0.0002171
0.0002166
0.0002162
0.0002162
0.0002162
0.0002167
0.0002169
0.0002167
0.0002164
0.0002166
0.0002169
0.0002176
0.0002178
0.0002182
0.0002188
0.0002192
0.0002200
0.0002205
0.0002210
0.0002215
0.0002218
0.0002220
0.0002223
0.0002225
0.0002227
0.0002232
0.0002237
0.0002248
0.0002253
0.0002257
0.0002262
0.0002269
0.0002275
0.0002280
0.0002290
0.0002298
0.0002301
0.0002304
0.0002309
0.0002313
0.0002319
0.0002320
0.0002322
0.0002326
0.0002325
0.0002327
0.0002328
0.0002330
0.0002335
0.0002339
0.0002341
0.0002347
0.0002353
0.0002360
0.0002364
0.0002363
0.0002365
0.0002364
0.0002364
0.0002368
0.0002375
0.0002382
0.0002389
0.0002397
0.0002406
0.0002414
0.0002422
0.0002433
0.0002444
0.0002455
0.0002466
0.0002475
0.0002486
0.0002496
0.0002504
0.0002510
0.0002515
0.0002522
0.0002527
0.0002534
0.0002538
0.0002541
0.0002549
0.0002554
0.0002562
0.0002564
0.0002569
0.0002576
0.0002582
0.0002587
0.0002594
0.0002605
0.0002617
0.0002630
0.0002639
0.0002645
0.0002653
0.0002662
0.0002667
0.0002678
0.0002690
0.0002701
0.0002712
0.0002720
0.0002730
0.0002737
0.0002739
0.0002743
0.0002749
0.0002755
0.0002765
0.0002779
0.0002789
0.0002803
0.0002814
0.0002819
0.0002824
0.0002827
0.0002834
0.0002838
0.0002845
0.0002856
0.0002864
0.0002870
0.0002879
0.0002892
0.0002901
0.0002903
0.0002905
0.0002905
0.0002907
0.0002908
0.0002911
0.0002916
0.0002919
0.0002920
0.0002915
0.0002912
0.0002903
0.0002894
0.0002881
0.0002870
0.0002859
0.0002846
0.0002833
0.0002818
0.0002802
0.0002786
0.0002777
0.0002765
0.0002751
0.0002731
0.0002709
0.0002688
0.0002668
0.0002646
0.0002627
0.0002609
0.0002591
0.0002577
0.0002564
0.0002550
0.0002536
0.0002519
0.0002501
0.0002483
0.0002463
0.0002445
0.0002427
0.0002408
0.0002387
0.0002366
0.0002341
0.0002314
0.0002285
0.0002256
0.0002231
0.0002209
0.0002189
0.0002174
0.0002155
0.0002139
0.0002123
0.0002108
0.0002094
0.0002082
0.0002070
0.0002056
0.0002045
0.0002037
0.0002026
0.0002015
0.0002005
0.0001990
0.0001970
0.0001948
0.0001929
0.0001914
0.0001892
0.0001875
0.0001860
0.0001847
0.0001834
0.0001823
0.0001812
0.0001806
0.0001800
0.0001793
0.0001783
0.0001769
0.0001758
0.0001749
0.0001739
0.0001728
0.0001717
0.0001709
0.0001701
0.0001691
0.0001684
0.0001682
0.0001676
0.0001670
0.0001665
0.0001665
0.0001663
0.0001661
0.0001662
0.0001664
0.0001665
0.0001669
0.0001674
0.0001681
0.0001691
0.0001703
0.0001720
0.0001735
0.0001751
0.0001766
0.0001779
0.0001789
0.0001797
0.0001806
0.0001816
0.0001824
0.0001831
0.0001836
0.0001844
0.0001852
0.0001863
0.0001873
0.0001883
0.0001892
0.0001902
0.0001910
0.0001920
0.0001931
0.0001941
0.0001954
0.0001970
0.0001981
0.0001994
0.0002010
0.0002027
0.0002038
0.0002051
0.0002069
0.0002086
0.0002100
0.0002114
0.0002128
0.0002142
0.0002156
0.0002169
0.0002183
0.0002196
0.0002210
0.0002227
0.0002243
0.0002258
0.0002271
0.0002287
0.0002299
0.0002309
0.0002320
0.0002332
0.0002345
0.0002360
0.0002376
0.0002399
0.0002423
0.0002441
0.0002460
0.0002481
0.0002504
0.0002524
0.0002538
0.0002553
0.0002571
0.0002587
0.0002600
0.0002609
0.0002611
0.0002610
0.0002607
0.0002608
0.0002607
0.0002605
0.0002606
0.0002610
0.0002615
0.0002618
0.0002614
0.0002611
0.0002604
0.0002592
0.0002581
0.0002572
0.0002564
0.0002557
0.0002549
0.0002542
0.0002534
0.0002526
0.0002518
0.0002518
0.0002519
0.0002522
0.0002524
0.0002529
0.0002534
0.0002539
0.0002541
0.0002541
0.0002541
0.0002543
0.0002546
0.0002547
0.0002548
0.0002545
0.0002544
0.0002548
0.0002552
0.0002555
0.0002559
0.0002564
0.0002569
0.0002572
0.0002577
0.0002583
0.0002592
0.0002597
0.0002598
0.0002602
0.0002607
0.0002615
0.0002623
0.0002631
0.0002639
0.0002647
0.0002653
0.0002657
0.0002663
0.0002664
0.0002670
0.0002672
0.0002674
0.0002674
0.0002675
0.0002674
0.0002671
0.0002667
0.0002666
0.0002671
0.0002677
0.0002684
0.0002684
0.0002680
0.0002679
0.0002677
0.0002677
0.0002681
0.0002687
0.0002694
0.0002701
0.0002703
0.0002707
0.0002713
0.0002717
0.0002722
0.0002725
0.0002729
0.0002730
0.0002731
0.0002734
0.0002733
0.0002732
0.0002729
0.0002730
0.0002728
0.0002726
0.0002728
0.0002727
0.0002728
0.0002730
0.0002731
0.0002734
0.0002739
0.0002740
0.0002741
0.0002743
0.0002744
0.0002748
0.0002752
0.0002756
0.0002754
0.0002755
0.0002758
0.0002759
0.0002759
0.0002756
0.0002751
0.0002749
0.0002748
0.0002750
0.0002747
0.0002746
0.0002747
0.0002750
0.0002746
0.0002743
0.0002739
0.0002737
0.0002735
0.0002736
0.0002733
0.0002731
0.0002725
0.0002716
0.0002704
0.0002697
0.0002690
0.0002687
0.0002682
0.0002678
0.0002672
0.0002667
0.0002665
0.0002660
0.0002652
0.0002644
0.0002639
0.0002633
0.0002623
0.0002612
0.0002598
0.0002585
0.0002567
0.0002550
0.0002534
0.0002519
0.0002501
0.0002487
0.0002472
0.0002460
0.0002450
0.0002439
0.0002426
0.0002411
0.0002395
0.0002378
0.0002363
0.0002346
0.0002330
0.0002313
0.0002290
0.0002268
0.0002247
0.0002224
0.0002202
0.0002179
0.0002155
0.0002133
0.0002109
0.0002090
0.0002075
0.0002063
0.0002054
0.0002045
0.0002031
0.0002019
0.0002007
0.0001994
0.0001982
0.0001968
0.0001957
0.0001943
0.0001929
0.0001913
0.0001895
0.0001879
0.0001860
0.0001843
0.0001828
0.0001812
0.0001794
0.0001776
0.0001760
0.0001743
0.0001727
0.0001714
0.0001702
0.0001688
0.0001679
0.0001669
0.0001659
0.0001655
0.0001651
0.0001646
0.0001637
0.0001626
0.0001613
0.0001602
0.0001589
0.0001578
0.0001569
0.0001560
0.0001555
0.0001547
0.0001538
0.0001531
0.0001518
0.0001507
0.0001501
0.0001496
0.0001485
0.0001475
0.0001466
0.0001459
0.0001453
0.0001447
0.0001439
0.0001429
0.0001417
0.0001405
0.0001391
0.0001376
0.0001361
0.0001344
0.0001328
0.0001314
0.0001300
0.0001286
0.0001273
0.0001262
0.0001251
0.0001243
0.0001231
0.0001221
0.0001213
0.0001207
0.0001201
0.0001193
0.0001179
0.0001165
0.0001155
0.0001146
0.0001138
0.0001133
0.0001127
0.0001118
0.0001107
0.0001101
0.0001097
0.0001094
0.0001090
0.0001092
0.0001094
0.0001096
0.0001096
0.0001095
0.0001097
0.0001096
0.0001094
0.0001095
0.0001096
0.0001097
0.0001092
0.0001087
0.0001083
0.0001084
0.0001088
0.0001094
0.0001098
0.0001097
0.0001096
0.0001096
0.0001091
0.0001083
0.0001074
0.0001066
0.0001064
0.0001063
0.0001064
0.0001056
0.0001050
0.0001040
0.0001033
0.0001025
0.0001019
0.0001016
0.0001015
0.0001014
0.0001013
0.0001009
0.0001004
0.0000997
0.0000994
0.0000986
0.0000975
0.0000961
0.0000950
0.0000946
0.0000942
0.0000943
0.0000944
0.0000944
0.0000942
0.0000937
0.0000929
0.0000923
0.0000919
0.0000917
0.0000913
0.0000906
0.0000897
0.0000885
0.0000874
0.0000862
0.0000852
0.0000841
0.0000828
0.0000816
0.0000807
0.0000797
0.0000784
0.0000772
0.0000759
0.0000745
0.0000733
0.0000719
0.0000706
0.0000693
0.0000678
0.0000660
0.0000644
0.0000628
0.0000614
0.0000600
0.0000584
0.0000566
0.0000543
0.0000524
0.0000505
0.0000490
0.0000478
0.0000469
0.0000456
0.0000443
0.0000427
0.0000411
0.0000394
0.0000375
0.0000356
0.0000336
0.0000317
0.0000300
0.0000284
0.0000267
0.0000252
0.0000236
0.0000214
0.0000190
0.0000166
0.0000143
0.0000116
0.0000093
0.0000065
0.0000038
0.0000014
-0.0000007
-0.0000031
-0.0000052
-0.0000072
-0.0000090
-0.0000107
-0.0000125
-0.0000142
-0.0000165
-0.0000187
-0.0000204
-0.0000223
-0.0000241
-0.0000260
-0.0000285
-0.0000310
-0.0000333
-0.0000357
-0.0000376
-0.0000400
-0.0000425
-0.0000452
-0.0000483
-0.0000513
-0.0000545
-0.0000575
-0.0000611
-0.0000647
-0.0000687
-0.0000725
-0.0000759
-0.0000793
-0.0000825
-0.0000856
-0.0000886
-0.0000914
-0.0000940
-0.0000964
-0.0000985
-0.0001008
-0.0001029
-0.0001049
-0.0001070
-0.0001088
-0.0001106
-0.0001122
-0.0001133
-0.0001146
-0.0001156
-0.0001168
-0.0001187
-0.0001206
-0.0001230
-0.0001256
-0.0001279
-0.0001300
-0.0001322
-0.0001347
-0.0001374
-0.0001402
-0.0001428
-0.0001450
-0.0001472
-0.0001492
-0.0001510
-0.0001524
-0.0001544
-0.0001563
-0.0001580
-0.0001601
-0.0001618
-0.0001632
-0.0001650
-0.0001668
-0.0001684
-0.0001703
-0.0001719
-0.0001739
-0.0001759
-0.0001780
-0.0001804
-0.0001830
-0.0001857
-0.0001886
-0.0001913
-0.0001941
-0.0001967
-0.0001994
-0.0002021
-0.0002053
-0.0002084
-0.0002111
-0.0002142
-0.0002170
-0.0002198
-0.0002224
-0.0002253
-0.0002283
-0.0002317
-0.0002352
-0.0002387
-0.0002423
-0.0002456
-0.0002494
-0.0002527
-0.0002564
-0.0002599
-0.0002635
-0.0002671
-0.0002708
-0.0002745
-0.0002779
-0.0002813
-0.0002839
-0.0002864
-0.0002890
-0.0002911
-0.0002938
-0.0002965
-0.0002995
-0.0003024
-0.0003055
-0.0003090
-0.0003129
-0.0003164
-0.0003196
-0.0003227
-0.0003261
-0.0003293
-0.0003327
-0.0003362
-0.0003396
-0.0003434
-0.0003474
-0.0003513
-0.0003554
-0.0003597
-0.0003641
-0.0003682
-0.0003722
-0.0003759
-0.0003796
-0.0003830
-0.0003861
-0.0003894
-0.0003926
-0.0003957
-0.0003988
-0.0004017
-0.0004048
-0.0004081
-0.0004113
-0.0004145
-0.0004175
-0.0004202
-0.0004230
-0.0004258
-0.0004281
-0.0004303
-0.0004328
-0.0004353
-0.0004374
-0.0004397
-0.0004417
-0.0004437
-0.0004457
-0.0004475
-0.0004497
-0.0004518
-0.0004538
-0.0004560
-0.0004581
-0.0004601
-0.0004617
-0.0004633
-0.0004647
-0.0004662
-0.0004673
-0.0004684
-0.0004689
-0.0004698
-0.0004707
-0.0004713
-0.0004719
-0.0004721
-0.0004733
-0.0004743
-0.0004759
-0.0004778
-0.0004800
-0.0004823
-0.0004846
-0.0004867
-0.0004888
-0.0004910
-0.0004933
-0.0004953
-0.0004972
-0.0004990
-0.0005003
-0.0005016
-0.0005026
-0.0005033
-0.0005045
-0.0005060
-0.0005076
-0.0005096
-0.0005114
-0.0005134
-0.0005149
-0.0005165
-0.0005184
-0.0005205
-0.0005225
-0.0005246
-0.0005267
-0.0005289
-0.0005310
-0.0005332
-0.0005359
-0.0005383
-0.0005406
-0.0005430
-0.0005455
-0.0005479
-0.0005506
-0.0005532
-0.0005558
-0.0005589
-0.0005618
-0.0005641
-0.0005666
-0.0005689
-0.0005707
-0.0005723
-0.0005744
-0.0005771
-0.0005795
-0.0005819
-0.0005843
-0.0005869
-0.0005893
-0.0005917
-0.0005934
-0.0005952
-0.0005967
-0.0005981
-0.0005994
-0.0006009
-0.0006029
-0.0006043
-0.0006055
-0.0006071
-0.0006088
-0.0006098
-0.0006110
-0.0006124
-0.0006136
-0.0006151
-0.0006170
-0.0006187
-0.0006202
-0.0006217
-0.0006230
-0.0006244
-0.0006258
-0.0006275
-0.0006290
-0.0006306
-0.0006319
-0.0006333
-0.0006350
-0.0006369
-0.0006391
-0.0006408
-0.0006426
-0.0006445
-0.0006458
-0.0006471
-0.0006486
-0.0006504
-0.0006518
-0.0006531
-0.0006544
-0.0006558
-0.0006573
-0.0006586
-0.0006597
-0.0006609
-0.0006620
-0.0006629
-0.0006645
-0.0006664
-0.0006682
-0.0006700
-0.0006719
-0.0006741
-0.0006763
-0.0006784
-0.0006805
-0.0006828
-0.0006852
-0.0006879
-0.0006906
-0.0006931
-0.0006954
-0.0006975
-0.0007000
-0.0007027
-0.0007056
-0.0007081
-0.0007106
-0.0007134
-0.0007159
-0.0007180
-0.0007196
-0.0007207
-0.0007214
-0.0007228
-0.0007241
-0.0007253
-0.0007260
-0.0007266
-0.0007273
-0.0007283
-0.0007291
-0.0007297
-0.0007304
-0.0007308
-0.0007315
-0.0007321
-0.0007331
-0.0007338
-0.0007345
-0.0007350
-0.0007356
-0.0007362
-0.0007368
-0.0007371
-0.0007372
-0.0007370
-0.0007371
-0.0007367
-0.0007364
-0.0007360
-0.0007353
-0.0007345
-0.0007340
-0.0007335
-0.0007334
-0.0007330
-0.0007322
-0.0007308
-0.0007295
-0.0007284
-0.0007273
-0.0007264
-0.0007256
-0.0007244
-0.0007232
-0.0007218
-0.0007205
-0.0007191
-0.0007172
-0.0007156
-0.0007138
-0.0007118
-0.0007101
-0.0007084
-0.0007066
-0.0007048
-0.0007028
-0.0007004
-0.0006979
-0.0006952
-0.0006927
-0.0006906
-0.0006885
-0.0006868
-0.0006849
-0.0006826
-0.0006805
-0.0006786
-0.0006766
-0.0006744
-0.0006727
-0.0006711
-0.0006693
-0.0006678
-0.0006665
-0.0006654
-0.0006644
-0.0006637
-0.0006629
-0.0006621
-0.0006614
-0.0006605
-0.0006597
-0.0006592
-0.0006584
-0.0006581
-0.0006578
-0.0006571
-0.0006567
-0.0006562
-0.0006558
-0.0006559
-0.0006562
-0.0006562
-0.0006553
-0.0006543
-0.0006533
-0.0006521
-0.0006501
-0.0006484
-0.0006474
-0.0006462
-0.0006451
-0.0006440
-0.0006432
-0.0006423
-0.0006416
-0.0006412
-0.0006406
-0.0006400
-0.0006392
-0.0006385
-0.0006386
-0.0006385
-0.0006385
-0.0006384
-0.0006384
-0.0006384
-0.0006383
-0.0006379
-0.0006373
-0.0006375
-0.0006376
-0.0006377
-0.0006379
-0.0006382
-0.0006383
-0.0006386
-0.0006389
-0.0006391
-0.0006389
-0.0006389
-0.0006388
-0.0006392
-0.0006391
-0.0006387
-0.0006381
-0.0006379
-0.0006378
-0.0006376
-0.0006377
-0.0006376
-0.0006375
-0.0006369
-0.0006371
-0.0006372
-0.0006372
-0.0006375
-0.0006377
-0.0006378
-0.0006373
-0.0006367
-0.0006360
-0.0006356
-0.0006349
-0.0006348
-0.0006348
-0.0006350
-0.0006350
-0.0006347
-0.0006345
-0.0006343
-0.0006340
-0.0006338
-0.0006340
-0.0006341
-0.0006341
-0.0006343
-0.0006351
-0.0006359
-0.0006366
-0.0006374
-0.0006381
-0.0006385
-0.0006390
-0.0006394
-0.0006396
-0.0006398
-0.0006403
-0.0006407
-0.0006414
-0.0006422
-0.0006427
-0.0006430
-0.0006432
-0.0006437
-0.0006440
-0.0006442
-0.0006442
-0.0006442
-0.0006441
-0.0006438
-0.0006433
-0.0006431
-0.0006431
-0.0006428
-0.0006426
-0.0006423
-0.0006415
-0.0006406
-0.0006395
-0.0006384
-0.0006371
-0.0006356
-0.0006347
-0.0006334
-0.0006323
-0.0006311
-0.0006297
-0.0006283
-0.0006265
-0.0006246
-0.0006229
-0.0006211
-0.0006195
-0.0006181
-0.0006168
-0.0006152
-0.0006137
-0.0006122
-0.0006110
-0.0006096
-0.0006084
-0.0006072
-0.0006058
-0.0006043
-0.0006033
-0.0006023
-0.0006015
-0.0006006
-0.0006000
-0.0005991
-0.0005985
-0.0005978
-0.0005971
-0.0005962
-0.0005953
-0.0005940
-0.0005929
-0.0005921
-0.0005915
-0.0005905
-0.0005892
-0.0005878
-0.0005868
-0.0005860
-0.0005853
-0.0005845
-0.0005843
-0.0005841
-0.0005839
-0.0005838
-0.0005841
-0.0005848
-0.0005857
-0.0005864
-0.0005877
-0.0005888
-0.0005900
-0.0005913
-0.0005926
-0.0005935
-0.0005947
-0.0005956
-0.0005962
-0.0005968
-0.0005974
-0.0005981
-0.0005990
-0.0006004
-0.0006019
-0.0006031
-0.0006037
-0.0006047
-0.0006053
-0.0006063
-0.0006075
-0.0006090
-0.0006104
-0.0006117
-0.0006128
-0.0006139
-0.0006147
-0.0006158
-0.0006168
-0.0006177
-0.0006185
-0.0006192
-0.0006200
-0.0006211
-0.0006218
-0.0006224
-0.0006229
-0.0006233
-0.0006235
-0.0006233
-0.0006229
-0.0006226
-0.0006222
-0.0006219
-0.0006222
-0.0006226
-0.0006231
-0.0006235
-0.0006239
-0.0006245
-0.0006254
-0.0006262
-0.0006273
-0.0006288
-0.0006304
-0.0006322
-0.0006335
-0.0006349
-0.0006363
-0.0006376
-0.0006388
-0.0006403
-0.0006415
-0.0006423
-0.0006430
-0.0006437
-0.0006441
-0.0006442
-0.0006443
-0.0006441
-0.0006442
-0.0006446
-0.0006447
-0.0006452
-0.0006458
-0.0006463
-0.0006470
-0.0006481
-0.0006491
-0.0006500
-0.0006511
-0.0006517
-0.0006524
-0.0006535
-0.0006549
-0.0006564
-0.0006580
-0.0006602
-0.0006622
-0.0006645
-0.0006665
-0.0006677
-0.0006685
-0.0006697
-0.0006711
-0.0006725
-0.0006740
-0.0006762
-0.0006784
-0.0006809
-0.0006835
-0.0006857
-0.0006873
-0.0006890
-0.0006903
-0.0006920
-0.0006944
-0.0006965
