0.0238612
0.0238042
0.0237478
0.0236920
0.0236366
0.0235821
0.0235280
0.0234741
0.0234205
0.0233678
0.0233155
0.0232640
0.0232127
0.0231618
0.0231115
0.0230613
0.0230113
0.0229623
0.0229141
0.0228664
0.0228192
0.0227723
0.0227257
0.0226800
0.0226347
0.0225897
0.0225451
0.0225009
0.0224571
0.0224138
0.0223712
0.0223290
0.0222869
0.0222452
0.0222039
0.0221630
0.0221228
0.0220825
0.0220426
0.0220026
0.0219627
0.0219230
0.0218833
0.0218435
0.0218036
0.0217636
0.0217240
0.0216845
0.0216456
0.0216069
0.0215686
0.0215306
0.0214931
0.0214559
0.0214194
0.0213830
0.0213464
0.0213096
0.0212726
0.0212360
0.0212000
0.0211646
0.0211297
0.0210948
0.0210599
0.0210252
0.0209905
0.0209563
0.0209221
0.0208879
0.0208537
0.0208188
0.0207840
0.0207492
0.0207143
0.0206798
0.0206457
0.0206118
0.0205781
0.0205448
0.0205117
0.0204792
0.0204473
0.0204157
0.0203840
0.0203528
0.0203220
0.0202913
0.0202607
0.0202300
0.0201990
0.0201685
0.0201382
0.0201086
0.0200789
0.0200493
0.0200199
0.0199908
0.0199615
0.0199329
0.0199043
0.0198760
0.0198476
0.0198191
0.0197912
0.0197631
0.0197353
0.0197074
0.0196796
0.0196517
0.0196240
0.0195967
0.0195698
0.0195431
0.0195162
0.0194891
0.0194622
0.0194360
0.0194099
0.0193837
0.0193579
0.0193317
0.0193060
0.0192804
0.0192555
0.0192312
0.0192068
0.0191828
0.0191586
0.0191347
0.0191110
0.0190877
0.0190641
0.0190404
0.0190166
0.0189931
0.0189697
0.0189463
0.0189231
0.0188998
0.0188769
0.0188540
0.0188313
0.0188083
0.0187857
0.0187632
0.0187413
0.0187195
0.0186982
0.0186770
0.0186561
0.0186351
0.0186141
0.0185928
0.0185715
0.0185502
0.0185291
0.0185079
0.0184872
0.0184668
0.0184462
0.0184257
0.0184051
0.0183847
0.0183647
0.0183448
0.0183248
0.0183047
0.0182846
0.0182650
0.0182455
0.0182262
0.0182066
0.0181870
0.0181672
0.0181479
0.0181282
0.0181085
0.0180890
0.0180695
0.0180500
0.0180306
0.0180113
0.0179922
0.0179737
0.0179559
0.0179384
0.0179211
0.0179038
0.0178863
0.0178688
0.0178518
0.0178348
0.0178178
0.0178007
0.0177838
0.0177670
0.0177503
0.0177339
0.0177173
0.0177004
0.0176835
0.0176668
0.0176504
0.0176339
0.0176175
0.0176012
0.0175852
0.0175694
0.0175537
0.0175382
0.0175221
0.0175063
0.0174908
0.0174752
0.0174596
0.0174439
0.0174278
0.0174121
0.0173963
0.0173809
0.0173660
0.0173509
0.0173358
0.0173207
0.0173059
0.0172914
0.0172768
0.0172625
0.0172483
0.0172341
0.0172200
0.0172059
0.0171921
0.0171781
0.0171641
0.0171499
0.0171359
0.0171219
0.0171074
0.0170930
0.0170785
0.0170636
0.0170489
0.0170345
0.0170200
0.0170057
0.0169914
0.0169771
0.0169625
0.0169478
0.0169329
0.0169181
0.0169035
0.0168890
0.0168744
0.0168599
0.0168454
0.0168313
0.0168169
0.0168025
0.0167877
0.0167728
0.0167578
0.0167428
0.0167278
0.0167127
0.0166974
0.0166821
0.0166665
0.0166508
0.0166355
0.0166202
0.0166048
0.0165895
0.0165739
0.0165582
0.0165427
0.0165269
0.0165112
0.0164953
0.0164794
0.0164638
0.0164481
0.0164325
0.0164173
0.0164025
0.0163875
0.0163727
0.0163580
0.0163435
0.0163289
0.0163142
0.0163001
0.0162860
0.0162717
0.0162573
0.0162429
0.0162284
0.0162136
0.0161987
0.0161839
0.0161690
0.0161539
0.0161389
0.0161239
0.0161092
0.0160947
0.0160803
0.0160659
0.0160512
0.0160364
0.0160216
0.0160072
0.0159933
0.0159796
0.0159664
0.0159530
0.0159397
0.0159264
0.0159130
0.0158994
0.0158860
0.0158726
0.0158598
0.0158471
0.0158347
0.0158224
0.0158097
0.0157973
0.0157848
0.0157717
0.0157585
0.0157455
0.0157329
0.0157201
0.0157072
0.0156945
0.0156818
0.0156691
0.0156564
0.0156440
0.0156317
0.0156196
0.0156080
0.0155963
0.0155845
0.0155725
0.0155604
0.0155483
0.0155362
0.0155242
0.0155123
0.0155003
0.0154884
0.0154767
0.0154650
0.0154537
0.0154426
0.0154316
0.0154207
0.0154097
0.0153991
0.0153881
0.0153770
0.0153654
0.0153535
0.0153413
0.0153291
0.0153168
0.0153046
0.0152928
0.0152810
0.0152691
0.0152571
0.0152450
0.0152332
0.0152215
0.0152101
0.0151985
0.0151876
0.0151768
0.0151660
0.0151554
0.0151452
0.0151352
0.0151252
0.0151155
0.0151058
0.0150963
0.0150868
0.0150774
0.0150682
0.0150591
0.0150500
0.0150407
0.0150310
0.0150213
0.0150115
0.0150022
0.0149932
0.0149840
0.0149748
0.0149652
0.0149554
0.0149458
0.0149361
0.0149264
0.0149167
0.0149067
0.0148963
0.0148862
0.0148761
0.0148660
0.0148560
0.0148460
0.0148357
0.0148254
0.0148155
0.0148060
0.0147966
0.0147869
0.0147769
0.0147669
0.0147567
0.0147469
0.0147371
0.0147274
0.0147177
0.0147083
0.0146986
0.0146885
0.0146785
0.0146690
0.0146594
0.0146499
0.0146402
0.0146306
0.0146207
0.0146109
0.0146011
0.0145919
0.0145826
0.0145735
0.0145645
0.0145557
0.0145468
0.0145380
0.0145289
0.0145197
0.0145107
0.0145017
0.0144926
0.0144837
0.0144748
0.0144661
0.0144575
0.0144494
0.0144410
0.0144327
0.0144244
0.0144161
0.0144079
0.0143997
0.0143914
0.0143832
0.0143753
0.0143673
0.0143595
0.0143519
0.0143443
0.0143369
0.0143295
0.0143221
0.0143150
0.0143078
0.0143007
0.0142935
0.0142864
0.0142794
0.0142725
0.0142656
0.0142585
0.0142513
0.0142444
0.0142373
0.0142306
0.0142238
0.0142170
0.0142103
0.0142034
0.0141967
0.0141898
0.0141827
0.0141757
0.0141688
0.0141613
0.0141538
0.0141467
0.0141397
0.0141327
0.0141258
0.0141190
0.0141123
0.0141056
0.0140988
0.0140920
0.0140849
0.0140779
0.0140711
0.0140644
0.0140575
0.0140509
0.0140439
0.0140371
0.0140303
0.0140234
0.0140164
0.0140094
0.0140025
0.0139956
0.0139888
0.0139820
0.0139750
0.0139679
0.0139611
0.0139542
0.0139474
0.0139407
0.0139338
0.0139269
0.0139196
0.0139129
0.0139062
0.0138994
0.0138929
0.0138865
0.0138799
0.0138735
0.0138669
0.0138602
0.0138536
0.0138470
0.0138407
0.0138346
0.0138283
0.0138219
0.0138154
0.0138090
0.0138023
0.0137961
0.0137897
0.0137834
0.0137770
0.0137702
0.0137634
0.0137568
0.0137501
0.0137438
0.0137379
0.0137317
0.0137258
0.0137195
0.0137133
0.0137067
0.0137002
0.0136938
0.0136876
0.0136819
0.0136759
0.0136701
0.0136646
0.0136589
0.0136534
0.0136476
0.0136417
0.0136353
0.0136290
0.0136222
0.0136151
0.0136078
0.0136010
0.0135944
0.0135879
0.0135816
0.0135759
0.0135702
0.0135649
0.0135596
0.0135544
0.0135491
0.0135437
0.0135383
0.0135329
0.0135271
0.0135209
0.0135149
0.0135090
0.0135025
0.0134959
0.0134898
0.0134838
0.0134779
0.0134720
0.0134661
0.0134602
0.0134545
0.0134491
0.0134434
0.0134374
0.0134311
0.0134251
0.0134187
0.0134125
0.0134066
0.0134004
0.0133944
0.0133885
0.0133826
0.0133766
0.0133702
0.0133636
0.0133573
0.0133514
0.0133455
0.0133399
0.0133349
0.0133298
0.0133249
0.0133199
0.0133149
0.0133099
0.0133051
0.0133001
0.0132947
0.0132890
0.0132836
0.0132781
0.0132725
0.0132670
0.0132614
0.0132556
0.0132501
0.0132446
0.0132391
0.0132339
0.0132287
0.0132234
0.0132179
0.0132126
0.0132074
0.0132026
0.0131977
0.0131925
0.0131875
0.0131823
0.0131771
0.0131721
0.0131674
0.0131626
0.0131578
0.0131529
0.0131480
0.0131431
0.0131381
0.0131330
0.0131279
0.0131226
0.0131175
0.0131121
0.0131068
0.0131014
0.0130962
0.0130907
0.0130850
0.0130790
0.0130731
0.0130671
0.0130613
0.0130555
0.0130496
0.0130436
0.0130373
0.0130314
0.0130256
0.0130197
0.0130141
0.0130082
0.0130022
0.0129966
0.0129911
0.0129854
0.0129797
0.0129741
0.0129683
0.0129630
0.0129575
0.0129522
0.0129469
0.0129417
0.0129364
0.0129312
0.0129259
0.0129202
0.0129145
0.0129089
0.0129030
0.0128974
0.0128925
0.0128876
0.0128825
0.0128770
0.0128719
0.0128667
0.0128619
0.0128570
0.0128522
0.0128472
0.0128420
0.0128368
0.0128316
0.0128268
0.0128219
0.0128170
0.0128122
0.0128075
0.0128032
0.0127988
0.0127945
0.0127901
0.0127855
0.0127807
0.0127760
0.0127714
0.0127669
0.0127626
0.0127581
0.0127535
0.0127495
0.0127460
0.0127425
0.0127391
0.0127360
0.0127329
0.0127299
0.0127268
0.0127238
0.0127209
0.0127182
0.0127155
0.0127129
0.0127100
0.0127070
0.0127038
0.0127010
0.0126984
0.0126955
0.0126928
0.0126901
0.0126873
0.0126847
0.0126818
0.0126792
0.0126764
0.0126740
0.0126718
0.0126699
0.0126678
0.0126660
0.0126643
0.0126626
0.0126608
0.0126591
0.0126568
0.0126544
0.0126519
0.0126491
0.0126464
0.0126438
0.0126412
0.0126386
0.0126358
0.0126331
0.0126306
0.0126279
0.0126250
0.0126222
0.0126200
0.0126177
0.0126155
0.0126132
0.0126112
0.0126090
0.0126068
0.0126047
0.0126030
0.0126011
0.0125995
0.0125978
0.0125958
0.0125935
0.0125913
0.0125893
0.0125873
0.0125853
0.0125835
0.0125815
0.0125795
0.0125771
0.0125750
0.0125730
0.0125711
0.0125690
0.0125667
0.0125646
0.0125622
0.0125600
0.0125577
0.0125556
0.0125534
0.0125512
0.0125492
0.0125473
0.0125452
0.0125436
0.0125423
0.0125411
0.0125398
0.0125389
0.0125381
0.0125375
0.0125368
0.0125361
0.0125350
0.0125338
0.0125326
0.0125314
0.0125303
0.0125289
0.0125275
0.0125259
0.0125243
0.0125224
0.0125201
0.0125180
0.0125157
0.0125132
0.0125108
0.0125083
0.0125064
0.0125049
0.0125031
0.0125013
0.0124992
0.0124969
0.0124946
0.0124924
0.0124899
0.0124874
0.0124850
0.0124826
0.0124801
0.0124774
0.0124746
0.0124720
0.0124695
0.0124668
0.0124643
0.0124621
0.0124596
0.0124571
0.0124546
0.0124520
0.0124496
0.0124469
0.0124439
0.0124409
0.0124379
0.0124354
0.0124331
0.0124311
0.0124289
0.0124270
0.0124252
0.0124232
0.0124211
0.0124191
0.0124172
0.0124154
0.0124133
0.0124108
0.0124087
0.0124066
0.0124045
0.0124023
0.0123999
0.0123976
0.0123953
0.0123929
0.0123906
0.0123886
0.0123868
0.0123850
0.0123833
0.0123818
0.0123805
0.0123785
0.0123765
0.0123739
0.0123710
0.0123677
0.0123641
0.0123607
0.0123569
0.0123530
0.0123487
0.0123447
0.0123406
0.0123367
0.0123331
0.0123297
0.0123263
0.0123229
0.0123192
0.0123153
0.0123113
0.0123070
0.0123025
0.0122985
0.0122946
0.0122908
0.0122872
0.0122840
0.0122809
0.0122773
0.0122738
0.0122705
0.0122672
0.0122641
0.0122608
0.0122573
0.0122536
0.0122496
0.0122454
0.0122413
0.0122369
0.0122325
0.0122281
0.0122239
0.0122198
0.0122159
0.0122121
0.0122086
0.0122049
0.0122010
0.0121976
0.0121944
0.0121917
0.0121890
0.0121863
0.0121834
0.0121809
0.0121785
0.0121761
0.0121737
0.0121716
0.0121696
0.0121675
0.0121653
0.0121635
0.0121617
0.0121603
0.0121588
0.0121574
0.0121560
0.0121546
0.0121528
0.0121511
0.0121495
0.0121479
0.0121462
0.0121443
0.0121427
0.0121408
0.0121388
0.0121365
0.0121344
0.0121321
0.0121296
0.0121270
0.0121246
0.0121222
0.0121202
0.0121182
0.0121162
0.0121144
0.0121128
0.0121109
0.0121091
0.0121076
0.0121061
0.0121048
0.0121037
0.0121026
0.0121015
0.0121003
0.0120992
0.0120980
0.0120970
0.0120957
0.0120941
0.0120921
0.0120903
0.0120882
0.0120861
0.0120840
0.0120816
0.0120791
0.0120768
0.0120752
0.0120735
0.0120720
0.0120704
0.0120688
0.0120670
0.0120652
0.0120635
0.0120614
0.0120595
0.0120573
0.0120551
0.0120530
0.0120512
0.0120493
0.0120472
0.0120452
0.0120430
0.0120409
0.0120388
0.0120368
0.0120347
0.0120330
0.0120311
0.0120294
0.0120277
0.0120255
0.0120238
0.0120219
0.0120199
0.0120179
0.0120160
0.0120140
0.0120122
0.0120104
0.0120084
0.0120061
0.0120043
0.0120025
0.0120009
0.0119994
0.0119979
0.0119961
0.0119944
0.0119928
0.0119913
0.0119897
0.0119882
0.0119866
0.0119845
0.0119828
0.0119812
0.0119795
0.0119777
0.0119763
0.0119748
0.0119732
0.0119722
0.0119717
0.0119713
0.0119709
0.0119702
0.0119692
0.0119680
0.0119670
0.0119659
0.0119651
0.0119640
0.0119629
0.0119617
0.0119600
0.0119584
0.0119569
0.0119556
0.0119544
0.0119531
0.0119520
0.0119506
0.0119495
0.0119485
0.0119471
0.0119456
0.0119441
0.0119427
0.0119410
0.0119392
0.0119372
0.0119351
0.0119332
0.0119314
0.0119299
0.0119285
0.0119273
0.0119261
0.0119248
0.0119231
0.0119217
0.0119201
0.0119185
0.0119171
0.0119157
0.0119143
0.0119128
0.0119114
0.0119099
0.0119084
0.0119065
0.0119046
0.0119026
0.0119007
0.0118990
0.0118976
0.0118959
0.0118940
0.0118920
0.0118899
0.0118877
0.0118854
0.0118834
0.0118819
0.0118802
0.0118783
0.0118765
0.0118748
0.0118728
0.0118704
0.0118681
0.0118656
0.0118632
0.0118611
0.0118594
0.0118576
0.0118555
0.0118536
0.0118517
0.0118499
0.0118484
0.0118471
0.0118460
0.0118451
0.0118442
0.0118435
0.0118427
0.0118417
0.0118407
0.0118395
0.0118384
0.0118371
0.0118358
0.0118344
0.0118327
0.0118311
0.0118294
0.0118278
0.0118261
0.0118247
0.0118232
0.0118218
0.0118202
0.0118187
0.0118172
0.0118157
0.0118145
0.0118126
0.0118108
0.0118091
0.0118076
0.0118062
0.0118050
0.0118036
0.0118019
0.0118003
0.0117986
0.0117967
0.0117948
0.0117930
0.0117908
0.0117888
0.0117864
0.0117842
0.0117821
0.0117798
0.0117773
0.0117744
0.0117712
0.0117682
0.0117652
0.0117620
0.0117585
0.0117548
0.0117511
0.0117474
0.0117438
0.0117402
0.0117367
0.0117332
0.0117297
0.0117262
0.0117228
0.0117197
0.0117166
0.0117137
0.0117106
0.0117079
0.0117053
0.0117031
0.0117009
0.0116988
0.0116968
0.0116948
0.0116927
0.0116903
0.0116879
0.0116855
0.0116830
0.0116804
0.0116781
0.0116759
0.0116736
0.0116711
0.0116689
0.0116665
0.0116637
0.0116606
0.0116576
0.0116548
0.0116521
0.0116495
0.0116471
0.0116445
0.0116422
0.0116399
0.0116378
0.0116358
0.0116338
0.0116321
0.0116301
0.0116279
0.0116254
0.0116232
0.0116210
0.0116189
0.0116168
0.0116147
0.0116124
0.0116101
0.0116079
0.0116056
0.0116030
0.0116002
0.0115976
0.0115946
0.0115915
0.0115882
0.0115852
0.0115818
0.0115784
0.0115751
0.0115718
0.0115683
0.0115648
0.0115613
0.0115581
0.0115549
0.0115516
0.0115486
0.0115456
0.0115428
0.0115400
0.0115372
0.0115346
0.0115321
0.0115297
0.0115272
0.0115248
0.0115226
0.0115207
0.0115186
0.0115166
0.0115147
0.0115130
0.0115114
0.0115100
0.0115085
0.0115072
0.0115060
0.0115047
0.0115029
0.0115012
0.0114994
0.0114970
0.0114946
0.0114925
0.0114906
0.0114888
0.0114870
0.0114851
0.0114831
0.0114814
0.0114796
0.0114779
0.0114764
0.0114750
0.0114735
0.0114721
0.0114705
0.0114690
0.0114678
0.0114668
0.0114655
0.0114639
0.0114623
0.0114606
0.0114589
0.0114576
0.0114560
0.0114543
0.0114529
0.0114516
0.0114501
0.0114487
0.0114475
0.0114462
0.0114452
0.0114438
0.0114424
0.0114409
0.0114395
0.0114380
0.0114365
0.0114351
0.0114337
0.0114325
0.0114312
0.0114299
0.0114289
0.0114279
0.0114270
0.0114262
0.0114254
0.0114245
0.0114237
0.0114230
0.0114220
0.0114207
0.0114196
0.0114184
0.0114169
0.0114154
0.0114138
0.0114123
0.0114110
0.0114095
0.0114079
0.0114061
0.0114042
0.0114026
0.0114008
0.0113992
0.0113975
0.0113959
0.0113942
0.0113926
0.0113915
0.0113906
0.0113895
0.0113884
0.0113871
0.0113860
0.0113850
0.0113840
0.0113829
0.0113818
0.0113805
0.0113792
0.0113776
0.0113763
0.0113749
0.0113734
0.0113718
0.0113701
0.0113687
0.0113670
0.0113656
0.0113642
0.0113628
0.0113612
0.0113600
0.0113585
0.0113576
0.0113567
0.0113555
0.0113543
0.0113533
0.0113523
0.0113511
0.0113499
0.0113486
0.0113477
0.0113464
0.0113453
0.0113443
0.0113436
0.0113424
0.0113409
0.0113395
0.0113380
0.0113366
0.0113351
0.0113337
0.0113324
0.0113306
0.0113287
0.0113265
0.0113245
0.0113222
0.0113201
0.0113178
0.0113153
0.0113130
0.0113109
0.0113089
0.0113066
0.0113042
0.0113018
0.0112994
0.0112971
0.0112950
0.0112931
0.0112912
0.0112894
0.0112878
0.0112859
0.0112843
0.0112826
0.0112810
0.0112798
0.0112784
0.0112768
0.0112755
0.0112745
0.0112734
0.0112727
0.0112718
0.0112711
0.0112705
0.0112699
0.0112690
0.0112680
0.0112671
0.0112659
0.0112648
0.0112635
0.0112624
0.0112616
0.0112608
0.0112600
0.0112593
0.0112583
0.0112573
0.0112560
0.0112551
0.0112544
0.0112541
0.0112539
0.0112536
0.0112538
0.0112538
0.0112541
0.0112543
0.0112546
0.0112550
0.0112551
0.0112556
0.0112558
0.0112560
0.0112561
0.0112561
0.0112564
0.0112564
0.0112565
0.0112565
0.0112563
0.0112563
0.0112561
0.0112556
0.0112551
0.0112547
0.0112543
0.0112539
0.0112535
0.0112532
0.0112529
0.0112528
0.0112523
0.0112518
0.0112511
0.0112502
0.0112490
0.0112479
0.0112467
0.0112453
0.0112436
0.0112419
0.0112403
0.0112387
0.0112371
0.0112355
0.0112341
0.0112328
0.0112312
0.0112296
0.0112280
0.0112263
0.0112243
0.0112224
0.0112204
0.0112182
0.0112159
0.0112137
0.0112112
0.0112086
0.0112062
0.0112038
0.0112012
0.0111989
0.0111968
0.0111945
0.0111919
0.0111892
0.0111865
0.0111840
0.0111818
0.0111798
0.0111779
0.0111763
0.0111744
0.0111725
0.0111702
0.0111681
0.0111661
0.0111642
0.0111622
0.0111602
0.0111581
0.0111558
0.0111533
0.0111509
0.0111483
0.0111455
0.0111428
0.0111398
0.0111367
0.0111337
0.0111307
0.0111274
0.0111244
0.0111213
0.0111186
0.0111159
0.0111129
0.0111094
0.0111059
0.0111024
0.0110989
0.0110954
0.0110921
0.0110887
0.0110856
0.0110821
0.0110788
0.0110752
0.0110714
0.0110679
0.0110643
0.0110606
0.0110572
0.0110537
0.0110502
0.0110470
0.0110435
0.0110403
0.0110371
0.0110337
0.0110302
0.0110269
0.0110236
0.0110202
0.0110170
0.0110139
0.0110108
0.0110075
0.0110043
0.0110013
0.0109982
0.0109951
0.0109919
0.0109887
0.0109857
0.0109826
0.0109793
0.0109765
0.0109737
0.0109709
0.0109684
0.0109663
0.0109641
0.0109617
0.0109591
0.0109566
0.0109539
0.0109509
0.0109476
0.0109444
0.0109415
0.0109383
0.0109352
0.0109317
0.0109278
0.0109241
0.0109202
0.0109166
0.0109132
0.0109098
0.0109062
0.0109029
0.0108996
0.0108964
0.0108931
0.0108898
0.0108867
0.0108839
0.0108812
0.0108785
0.0108757
0.0108731
0.0108706
0.0108683
0.0108663
0.0108643
0.0108621
0.0108599
0.0108576
0.0108549
0.0108519
0.0108493
0.0108468
0.0108442
0.0108417
0.0108392
0.0108369
0.0108345
0.0108320
0.0108294
0.0108272
0.0108251
0.0108234
0.0108216
0.0108196
0.0108175
0.0108152
0.0108128
0.0108103
0.0108078
0.0108049
0.0108018
0.0107985
0.0107954
0.0107924
0.0107893
0.0107862
0.0107831
0.0107803
0.0107776
0.0107747
0.0107718
0.0107689
0.0107661
0.0107633
0.0107605
0.0107575
0.0107546
0.0107520
0.0107491
0.0107459
0.0107427
0.0107393
0.0107361
0.0107327
0.0107297
0.0107266
0.0107239
0.0107214
0.0107190
0.0107168
0.0107145
0.0107123
0.0107101
0.0107082
0.0107062
0.0107040
0.0107017
0.0106996
0.0106978
0.0106959
0.0106937
0.0106914
0.0106894
0.0106875
0.0106857
0.0106838
0.0106821
0.0106805
0.0106787
0.0106769
0.0106750
0.0106728
0.0106704
0.0106678
0.0106650
0.0106621
0.0106590
0.0106559
0.0106528
0.0106499
0.0106471
0.0106447
0.0106418
0.0106391
0.0106368
0.0106346
0.0106322
0.0106296
0.0106274
0.0106250
0.0106226
0.0106201
0.0106177
0.0106153
0.0106129
0.0106106
0.0106083
0.0106063
0.0106042
0.0106022
0.0105999
0.0105969
0.0105944
0.0105916
0.0105889
0.0105861
0.0105832
0.0105802
0.0105770
0.0105738
0.0105708
0.0105678
0.0105650
0.0105623
0.0105596
0.0105570
0.0105544
0.0105516
0.0105490
0.0105464
0.0105437
0.0105411
0.0105382
0.0105349
0.0105315
0.0105282
0.0105248
0.0105215
0.0105181
0.0105148
0.0105117
0.0105086
0.0105054
0.0105022
0.0104988
0.0104951
0.0104914
0.0104878
0.0104842
0.0104807
0.0104770
0.0104733
0.0104694
0.0104657
0.0104621
0.0104587
0.0104553
0.0104520
0.0104486
0.0104453
0.0104422
0.0104388
0.0104356
0.0104324
0.0104291
0.0104261
0.0104231
0.0104204
0.0104176
0.0104148
0.0104118
0.0104087
0.0104059
0.0104032
0.0104006
0.0103977
0.0103945
0.0103916
0.0103887
0.0103857
0.0103828
0.0103798
0.0103765
0.0103731
0.0103698
0.0103665
0.0103633
0.0103601
0.0103572
0.0103542
0.0103512
0.0103483
0.0103453
0.0103422
0.0103391
0.0103361
0.0103329
0.0103295
0.0103261
0.0103227
0.0103194
0.0103161
0.0103128
0.0103099
0.0103069
0.0103038
0.0103003
0.0102973
0.0102944
0.0102917
0.0102890
0.0102862
0.0102834
0.0102804
0.0102779
0.0102748
0.0102717
0.0102684
0.0102655
0.0102627
0.0102599
0.0102569
0.0102539
0.0102512
0.0102481
0.0102451
0.0102419
0.0102385
0.0102356
0.0102325
0.0102295
0.0102265
0.0102233
0.0102199
0.0102167
0.0102135
0.0102100
0.0102066
0.0102031
0.0101997
0.0101966
0.0101932
0.0101898
0.0101863
0.0101828
0.0101795
0.0101762
0.0101731
0.0101700
0.0101667
0.0101632
0.0101596
0.0101561
0.0101528
0.0101498
0.0101468
0.0101437
0.0101404
0.0101369
0.0101332
0.0101300
0.0101267
0.0101235
0.0101202
0.0101170
0.0101140
0.0101110
0.0101080
0.0101053
0.0101027
0.0100998
0.0100968
0.0100935
0.0100904
0.0100873
0.0100840
0.0100807
0.0100774
0.0100742
0.0100708
0.0100675
0.0100643
0.0100610
0.0100573
0.0100534
0.0100495
0.0100455
0.0100419
0.0100384
0.0100348
0.0100315
0.0100284
0.0100250
0.0100214
0.0100178
0.0100143
0.0100110
0.0100078
0.0100046
0.0100012
0.0099978
0.0099944
0.0099908
0.0099874
0.0099841
0.0099808
0.0099772
0.0099738
0.0099701
0.0099666
0.0099628
0.0099593
0.0099557
0.0099523
0.0099487
0.0099453
0.0099422
0.0099389
0.0099356
0.0099322
0.0099289
0.0099255
0.0099224
0.0099195
0.0099163
0.0099132
0.0099102
0.0099072
0.0099042
0.0099015
0.0098988
0.0098959
0.0098930
0.0098901
0.0098871
0.0098842
0.0098816
0.0098790
0.0098765
0.0098739
0.0098714
0.0098687
0.0098661
0.0098636
0.0098610
0.0098583
0.0098555
0.0098527
0.0098499
0.0098472
0.0098445
0.0098423
0.0098400
0.0098380
0.0098360
0.0098337
0.0098315
0.0098293
0.0098273
0.0098253
0.0098236
0.0098221
0.0098204
0.0098193
0.0098184
0.0098177
0.0098173
0.0098169
0.0098166
0.0098161
0.0098151
0.0098138
0.0098124
0.0098109
0.0098097
0.0098085
0.0098070
0.0098055
0.0098038
0.0098019
0.0097998
0.0097979
0.0097962
0.0097944
0.0097928
0.0097913
0.0097898
0.0097885
0.0097869
0.0097851
0.0097832
0.0097811
0.0097788
0.0097767
0.0097746
0.0097728
0.0097711
0.0097691
0.0097669
0.0097641
0.0097613
0.0097583
0.0097557
0.0097531
0.0097506
0.0097482
0.0097458
0.0097432
0.0097407
0.0097383
0.0097362
0.0097342
0.0097322
0.0097302
0.0097283
0.0097263
0.0097242
0.0097220
0.0097197
0.0097174
0.0097152
0.0097129
0.0097105
0.0097080
0.0097058
0.0097038
0.0097016
0.0096995
0.0096976
0.0096953
0.0096927
0.0096903
0.0096879
0.0096851
0.0096831
0.0096812
0.0096790
0.0096771
0.0096751
0.0096733
0.0096718
0.0096701
0.0096685
0.0096668
0.0096651
0.0096635
0.0096618
0.0096605
0.0096591
0.0096578
0.0096565
0.0096553
0.0096543
0.0096530
0.0096519
0.0096508
0.0096497
0.0096481
0.0096465
0.0096450
0.0096434
0.0096416
0.0096397
0.0096378
0.0096358
0.0096340
0.0096323
0.0096307
0.0096290
0.0096271
0.0096254
0.0096237
0.0096222
0.0096209
0.0096194
0.0096179
0.0096165
0.0096153
0.0096141
0.0096129
0.0096118
0.0096107
0.0096095
0.0096082
0.0096062
0.0096043
0.0096021
0.0095999
0.0095978
0.0095953
0.0095931
0.0095909
0.0095889
0.0095865
0.0095843
0.0095822
0.0095802
0.0095782
0.0095761
0.0095738
0.0095716
0.0095695
0.0095675
0.0095655
0.0095634
0.0095612
0.0095590
0.0095569
0.0095548
0.0095522
0.0095496
0.0095470
0.0095442
0.0095414
0.0095388
0.0095363
0.0095337
0.0095315
0.0095288
0.0095264
0.0095241
0.0095218
0.0095192
0.0095166
0.0095142
0.0095116
0.0095088
0.0095061
0.0095035
0.0095011
0.0094984
0.0094958
0.0094933
0.0094906
0.0094880
0.0094856
0.0094830
0.0094804
0.0094780
0.0094760
0.0094740
0.0094721
0.0094701
0.0094682
0.0094660
0.0094638
0.0094613
0.0094589
0.0094566
0.0094542
0.0094518
0.0094496
0.0094474
0.0094452
0.0094432
0.0094413
0.0094396
0.0094377
0.0094359
0.0094339
0.0094319
0.0094297
0.0094271
0.0094243
0.0094215
0.0094189
0.0094163
0.0094139
0.0094112
0.0094087
0.0094059
0.0094032
0.0094010
0.0093988
0.0093968
0.0093950
0.0093933
0.0093916
0.0093901
0.0093885
0.0093867
0.0093847
0.0093827
0.0093810
0.0093794
0.0093777
0.0093759
0.0093740
0.0093723
0.0093707
0.0093688
0.0093670
0.0093652
0.0093629
0.0093609
0.0093587
0.0093565
0.0093542
0.0093520
0.0093498
0.0093477
0.0093456
0.0093433
0.0093412
0.0093391
0.0093371
0.0093353
0.0093337
0.0093323
0.0093311
0.0093296
0.0093281
0.0093263
0.0093245
0.0093225
0.0093204
0.0093188
0.0093174
0.0093160
0.0093146
0.0093134
0.0093124
0.0093115
0.0093106
0.0093095
0.0093085
0.0093078
0.0093070
0.0093061
0.0093054
0.0093046
0.0093038
0.0093029
0.0093021
0.0093014
0.0093009
0.0093006
0.0093005
0.0093003
0.0093001
0.0092997
0.0092987
0.0092982
0.0092977
0.0092971
0.0092967
0.0092963
0.0092960
0.0092958
0.0092957
0.0092960
0.0092961
0.0092964
0.0092967
0.0092968
0.0092971
0.0092973
0.0092974
0.0092975
0.0092977
0.0092982
0.0092986
0.0092993
0.0092994
0.0092997
0.0092999
0.0093000
0.0093001
0.0092999
0.0092995
0.0092988
0.0092984
0.0092979
0.0092976
0.0092972
0.0092968
0.0092965
0.0092960
0.0092954
0.0092944
0.0092934
0.0092924
0.0092916
0.0092911
0.0092901
0.0092891
0.0092883
0.0092873
0.0092865
0.0092857
0.0092847
0.0092835
0.0092825
0.0092817
0.0092809
0.0092798
0.0092787
0.0092779
0.0092771
0.0092762
0.0092750
0.0092738
0.0092729
0.0092721
0.0092715
0.0092710
0.0092705
0.0092699
0.0092692
0.0092683
0.0092676
0.0092669
0.0092662
0.0092655
0.0092649
0.0092643
0.0092639
0.0092634
0.0092629
0.0092629
0.0092627
0.0092624
0.0092619
0.0092613
0.0092609
0.0092602
0.0092599
0.0092594
0.0092590
0.0092587
0.0092588
0.0092588
0.0092590
0.0092593
0.0092597
0.0092600
0.0092604
0.0092610
0.0092617
0.0092626
0.0092634
0.0092643
0.0092653
0.0092664
0.0092674
0.0092684
0.0092696
0.0092709
0.0092722
0.0092737
0.0092753
0.0092769
0.0092786
0.0092801
0.0092815
0.0092829
0.0092845
0.0092861
0.0092877
0.0092896
0.0092914
0.0092933
0.0092954
0.0092978
0.0093006
0.0093033
0.0093055
0.0093076
0.0093095
0.0093117
0.0093138
0.0093161
0.0093179
0.0093197
0.0093218
0.0093239
0.0093262
0.0093288
0.0093311
0.0093330
0.0093350
0.0093368
0.0093385
0.0093401
0.0093413
0.0093426
0.0093440
0.0093457
0.0093471
0.0093485
0.0093499
0.0093511
0.0093524
0.0093537
0.0093550
0.0093563
0.0093575
0.0093590
0.0093605
0.0093621
0.0093636
0.0093650
0.0093666
0.0093684
0.0093701
0.0093716
0.0093729
0.0093743
0.0093760
0.0093776
0.0093796
0.0093816
0.0093835
0.0093854
0.0093873
0.0093891
0.0093906
0.0093921
0.0093936
0.0093949
0.0093965
0.0093984
0.0094002
0.0094023
0.0094041
0.0094056
0.0094070
0.0094080
0.0094089
0.0094096
0.0094102
0.0094107
0.0094113
0.0094122
0.0094130
0.0094140
0.0094148
0.0094159
0.0094172
0.0094183
0.0094193
0.0094202
0.0094211
0.0094222
0.0094231
0.0094239
0.0094248
0.0094254
0.0094260
0.0094270
0.0094281
0.0094290
0.0094298
0.0094308
0.0094317
0.0094326
0.0094336
0.0094345
0.0094353
0.0094358
0.0094360
0.0094363
0.0094365
0.0094367
0.0094368
0.0094374
0.0094380
0.0094386
0.0094396
0.0094406
0.0094417
0.0094425
0.0094433
0.0094440
0.0094446
0.0094451
0.0094454
0.0094461
0.0094467
0.0094472
0.0094479
0.0094484
0.0094488
0.0094493
0.0094497
0.0094500
0.0094504
0.0094504
0.0094506
0.0094508
0.0094509
0.0094514
0.0094519
0.0094526
0.0094531
0.0094537
0.0094545
0.0094554
0.0094560
0.0094566
0.0094573
0.0094579
0.0094587
0.0094597
0.0094606
0.0094615
0.0094621
0.0094629
0.0094634
0.0094641
0.0094647
0.0094654
0.0094662
0.0094669
0.0094673
0.0094677
0.0094679
0.0094679
0.0094680
0.0094681
0.0094679
0.0094676
0.0094670
0.0094663
0.0094660
0.0094655
0.0094651
0.0094645
0.0094642
0.0094639
0.0094640
0.0094642
0.0094646
0.0094652
0.0094656
0.0094662
0.0094668
0.0094674
0.0094679
0.0094684
0.0094687
0.0094690
0.0094693
0.0094694
0.0094697
0.0094700
0.0094700
0.0094704
0.0094706
0.0094707
0.0094712
0.0094717
0.0094720
0.0094724
0.0094726
0.0094727
0.0094728
0.0094727
0.0094727
0.0094723
0.0094722
0.0094721
0.0094723
0.0094724
0.0094723
0.0094725
0.0094725
0.0094725
0.0094726
0.0094725
0.0094725
0.0094723
0.0094719
0.0094716
0.0094713
0.0094708
0.0094704
0.0094701
0.0094701
0.0094701
0.0094701
0.0094699
0.0094700
0.0094702
0.0094705
0.0094711
0.0094717
0.0094725
0.0094735
0.0094744
0.0094751
0.0094758
0.0094765
0.0094771
0.0094781
0.0094792
0.0094807
0.0094824
0.0094838
0.0094855
0.0094874
0.0094895
0.0094914
0.0094932
0.0094948
0.0094961
0.0094974
0.0094988
0.0095000
0.0095010
0.0095022
0.0095034
0.0095045
0.0095056
0.0095067
0.0095080
0.0095091
0.0095100
0.0095109
0.0095118
0.0095127
0.0095137
0.0095149
0.0095161
0.0095175
0.0095190
0.0095203
0.0095215
0.0095224
0.0095235
0.0095246
0.0095256
0.0095267
0.0095281
0.0095295
0.0095310
0.0095325
0.0095342
0.0095356
0.0095371
0.0095386
0.0095399
0.0095411
0.0095425
0.0095438
0.0095449
0.0095459
0.0095467
0.0095472
0.0095475
0.0095477
0.0095478
0.0095478
0.0095477
0.0095476
0.0095473
0.0095470
0.0095468
0.0095463
0.0095457
0.0095453
0.0095450
0.0095444
0.0095440
0.0095434
0.0095428
0.0095421
0.0095413
0.0095407
0.0095399
0.0095392
0.0095382
0.0095372
0.0095364
0.0095354
0.0095344
0.0095332
0.0095322
0.0095314
0.0095305
0.0095297
0.0095288
0.0095279
0.0095269
0.0095254
0.0095240
0.0095223
0.0095207
0.0095189
0.0095168
0.0095150
0.0095130
0.0095109
0.0095090
0.0095071
0.0095054
0.0095038
0.0095022
0.0095006
0.0094990
0.0094974
0.0094959
0.0094947
0.0094934
0.0094920
0.0094906
0.0094895
0.0094884
0.0094873
0.0094860
0.0094849
0.0094836
0.0094821
0.0094810
0.0094797
0.0094787
0.0094775
0.0094764
0.0094751
0.0094740
0.0094728
0.0094718
0.0094708
0.0094694
0.0094679
0.0094662
0.0094646
0.0094628
0.0094611
0.0094596
0.0094581
0.0094568
0.0094554
0.0094540
0.0094526
0.0094510
0.0094493
0.0094476
0.0094462
0.0094449
0.0094435
0.0094423
0.0094415
0.0094405
0.0094399
0.0094390
0.0094381
0.0094372
0.0094362
0.0094353
0.0094344
0.0094336
0.0094328
0.0094317
0.0094304
0.0094291
0.0094281
0.0094273
0.0094265
0.0094257
0.0094247
0.0094235
0.0094224
0.0094213
0.0094200
0.0094187
0.0094178
0.0094171
0.0094163
0.0094157
0.0094155
0.0094155
0.0094157
0.0094161
0.0094162
0.0094159
0.0094157
0.0094154
0.0094153
0.0094154
0.0094156
0.0094157
0.0094159
0.0094163
0.0094164
0.0094166
0.0094169
0.0094169
0.0094169
0.0094171
0.0094169
0.0094168
0.0094169
0.0094169
0.0094169
0.0094170
0.0094172
0.0094175
0.0094179
0.0094184
0.0094189
0.0094195
0.0094200
0.0094205
0.0094209
0.0094211
0.0094213
0.0094215
0.0094219
0.0094223
0.0094222
0.0094222
0.0094222
0.0094222
0.0094221
0.0094218
0.0094216
0.0094216
0.0094219
0.0094220
0.0094219
0.0094218
0.0094216
0.0094217
0.0094215
0.0094213
0.0094212
0.0094212
0.0094211
0.0094208
0.0094203
0.0094197
0.0094191
0.0094186
0.0094179
0.0094173
0.0094165
0.0094158
0.0094151
0.0094146
0.0094140
0.0094132
0.0094125
0.0094116
0.0094108
0.0094102
0.0094099
0.0094094
0.0094086
0.0094076
0.0094069
0.0094062
0.0094055
0.0094045
0.0094035
0.0094029
0.0094021
0.0094013
0.0094006
0.0093999
0.0093992
0.0093981
0.0093970
0.0093960
0.0093949
0.0093939
0.0093931
0.0093923
0.0093914
0.0093905
0.0093897
0.0093892
0.0093890
0.0093889
0.0093889
0.0093888
0.0093884
0.0093881
0.0093877
0.0093875
0.0093874
0.0093871
0.0093869
0.0093865
0.0093861
0.0093856
0.0093852
0.0093851
0.0093849
0.0093845
0.0093843
0.0093840
0.0093839
0.0093840
0.0093841
0.0093841
0.0093839
0.0093837
0.0093836
0.0093836
0.0093835
0.0093838
0.0093836
0.0093832
0.0093831
0.0093828
0.0093824
0.0093821
0.0093818
0.0093814
0.0093807
0.0093802
0.0093795
0.0093791
0.0093786
0.0093779
0.0093773
0.0093765
0.0093757
0.0093748
0.0093741
0.0093734
0.0093724
0.0093714
0.0093701
0.0093685
0.0093670
0.0093655
0.0093639
0.0093621
0.0093602
0.0093582
0.0093560
0.0093538
0.0093519
0.0093497
0.0093475
0.0093455
0.0093432
0.0093408
0.0093382
0.0093356
0.0093330
0.0093302
0.0093273
0.0093245
0.0093220
0.0093194
0.0093169
0.0093144
0.0093118
0.0093092
0.0093065
0.0093042
0.0093020
0.0092994
0.0092973
0.0092950
0.0092925
0.0092904
0.0092883
0.0092863
0.0092845
0.0092826
0.0092808
0.0092791
0.0092775
0.0092759
0.0092746
0.0092732
0.0092720
0.0092706
0.0092691
0.0092676
0.0092662
0.0092649
0.0092636
0.0092622
0.0092606
0.0092591
0.0092576
0.0092563
0.0092555
0.0092546
0.0092536
0.0092526
0.0092518
0.0092512
0.0092508
0.0092504
0.0092501
0.0092499
0.0092499
0.0092499
0.0092499
0.0092499
0.0092497
0.0092495
0.0092490
0.0092486
0.0092480
0.0092475
0.0092471
0.0092468
0.0092465
0.0092461
0.0092458
0.0092459
0.0092459
0.0092462
0.0092461
0.0092462
0.0092462
0.0092463
0.0092465
0.0092468
0.0092467
0.0092468
0.0092464
0.0092461
0.0092457
0.0092451
0.0092448
0.0092444
0.0092440
0.0092434
0.0092427
0.0092420
0.0092416
0.0092416
0.0092415
0.0092416
0.0092419
0.0092420
0.0092421
0.0092422
0.0092423
0.0092424
0.0092428
0.0092431
0.0092434
0.0092437
0.0092439
0.0092440
0.0092444
0.0092451
0.0092458
0.0092468
0.0092478
0.0092483
0.0092489
0.0092494
0.0092499
0.0092503
0.0092511
0.0092518
0.0092527
0.0092535
0.0092541
0.0092548
0.0092556
0.0092563
0.0092570
0.0092575
0.0092577
0.0092578
0.0092577
0.0092575
0.0092575
0.0092576
0.0092576
0.0092571
0.0092567
0.0092566
0.0092566
0.0092564
0.0092566
0.0092569
0.0092572
0.0092574
0.0092575
0.0092577
0.0092579
0.0092581
0.0092581
0.0092582
0.0092584
0.0092586
0.0092588
0.0092589
0.0092591
0.0092589
0.0092586
0.0092581
0.0092575
0.0092569
0.0092566
0.0092563
0.0092559
0.0092553
0.0092546
0.0092539
0.0092531
0.0092523
0.0092519
0.0092517
0.0092515
0.0092511
0.0092507
0.0092503
0.0092503
0.0092500
0.0092496
0.0092493
0.0092489
0.0092485
0.0092483
0.0092483
0.0092484
0.0092485
0.0092486
0.0092484
0.0092481
0.0092481
0.0092483
0.0092482
0.0092479
0.0092475
0.0092470
0.0092467
0.0092462
0.0092456
0.0092452
0.0092450
0.0092449
0.0092447
0.0092450
0.0092454
0.0092460
0.0092464
0.0092466
0.0092469
0.0092473
0.0092473
0.0092475
0.0092478
0.0092482
0.0092487
0.0092493
0.0092496
0.0092498
0.0092499
0.0092500
0.0092501
0.0092503
0.0092506
0.0092509
0.0092506
0.0092503
0.0092500
0.0092495
0.0092489
0.0092483
0.0092481
0.0092478
0.0092477
0.0092475
0.0092474
0.0092475
0.0092478
0.0092484
0.0092489
0.0092493
0.0092494
0.0092493
0.0092494
0.0092496
0.0092496
0.0092496
0.0092492
0.0092491
0.0092489
0.0092488
0.0092486
0.0092480
0.0092474
0.0092469
0.0092464
0.0092460
0.0092456
0.0092451
0.0092446
0.0092443
0.0092442
0.0092439
0.0092434
0.0092433
0.0092435
0.0092440
0.0092447
0.0092453
0.0092458
0.0092465
0.0092473
0.0092480
0.0092486
0.0092489
0.0092492
0.0092496
0.0092497
0.0092498
0.0092497
0.0092495
0.0092498
0.0092496
0.0092497
0.0092497
0.0092500
0.0092507
0.0092515
0.0092523
0.0092530
0.0092539
0.0092548
0.0092555
0.0092563
0.0092571
0.0092578
0.0092586
0.0092590
0.0092596
0.0092602
0.0092605
0.0092612
0.0092619
0.0092626
0.0092634
0.0092642
0.0092648
0.0092653
0.0092658
0.0092661
0.0092664
0.0092666
0.0092671
0.0092677
0.0092683
0.0092688
0.0092699
0.0092710
0.0092724
0.0092737
0.0092751
0.0092767
0.0092785
0.0092802
0.0092819
0.0092837
0.0092856
0.0092876
0.0092894
0.0092911
0.0092930
0.0092949
0.0092966
0.0092980
0.0092997
0.0093016
0.0093033
0.0093051
0.0093068
0.0093083
0.0093100
0.0093116
0.0093134
0.0093155
0.0093174
0.0093195
0.0093217
0.0093243
0.0093267
0.0093292
0.0093314
0.0093338
0.0093362
0.0093384
0.0093403
0.0093422
0.0093442
0.0093465
0.0093488
0.0093510
0.0093533
0.0093556
0.0093581
0.0093606
0.0093633
0.0093659
0.0093682
0.0093702
0.0093722
0.0093743
0.0093766
0.0093787
0.0093809
0.0093831
0.0093856
0.0093884
0.0093914
0.0093943
0.0093971
0.0094000
0.0094030
0.0094058
0.0094087
0.0094114
0.0094144
0.0094173
0.0094201
0.0094227
0.0094253
0.0094279
0.0094306
0.0094330
0.0094351
0.0094372
0.0094395
0.0094421
0.0094451
0.0094478
0.0094502
0.0094525
0.0094549
0.0094574
0.0094599
0.0094622
0.0094645
0.0094668
0.0094692
0.0094716
0.0094741
0.0094770
0.0094799
0.0094826
0.0094850
0.0094875
0.0094900
0.0094922
0.0094944
0.0094965
0.0094985
0.0095000
0.0095015
0.0095031
0.0095051
0.0095070
0.0095092
0.0095115
0.0095137
0.0095162
0.0095185
0.0095208
0.0095230
0.0095250
0.0095270
0.0095289
0.0095308
0.0095331
0.0095352
0.0095376
0.0095401
0.0095425
0.0095446
0.0095467
0.0095486
0.0095503
0.0095519
0.0095535
0.0095551
0.0095565
0.0095583
0.0095604
0.0095623
0.0095644
0.0095661
0.0095678
0.0095700
0.0095723
0.0095742
0.0095762
0.0095782
0.0095800
0.0095817
0.0095833
0.0095848
0.0095866
0.0095885
0.0095905
0.0095924
0.0095944
0.0095964
0.0095981
0.0095999
0.0096016
0.0096037
0.0096061
0.0096085
0.0096115
0.0096144
0.0096177
0.0096211
0.0096243
0.0096277
0.0096313
0.0096348
0.0096380
0.0096412
0.0096445
0.0096478
0.0096509
0.0096539
0.0096571
0.0096598
0.0096623
0.0096650
0.0096677
0.0096703
0.0096729
0.0096757
0.0096783
0.0096809
0.0096835
0.0096863
0.0096886
0.0096908
0.0096930
0.0096953
0.0096974
0.0096998
0.0097023
0.0097049
0.0097074
0.0097098
0.0097121
0.0097142
0.0097164
0.0097189
0.0097212
0.0097239
0.0097266
0.0097292
0.0097316
0.0097340
0.0097362
0.0097384
0.0097404
0.0097426
0.0097446
0.0097468
0.0097488
0.0097509
0.0097531
0.0097552
0.0097573
0.0097593
0.0097613
0.0097636
0.0097658
0.0097680
0.0097704
0.0097724
0.0097744
0.0097763
0.0097782
0.0097803
0.0097822
0.0097842
0.0097860
0.0097875
0.0097891
0.0097905
0.0097919
0.0097935
0.0097952
0.0097970
0.0097989
0.0098008
0.0098025
0.0098043
0.0098058
0.0098076
0.0098094
0.0098110
0.0098127
0.0098145
0.0098160
0.0098174
0.0098186
0.0098200
0.0098214
0.0098223
0.0098232
0.0098242
0.0098253
0.0098260
0.0098267
0.0098273
0.0098280
0.0098287
0.0098296
0.0098306
0.0098314
0.0098322
0.0098328
0.0098332
0.0098336
0.0098341
0.0098347
0.0098353
0.0098361
0.0098368
0.0098376
0.0098387
0.0098397
0.0098408
0.0098418
0.0098428
0.0098439
0.0098451
0.0098463
0.0098473
0.0098481
0.0098494
0.0098505
0.0098512
0.0098520
0.0098528
0.0098537
0.0098543
0.0098548
0.0098552
0.0098556
0.0098558
0.0098559
0.0098560
0.0098561
0.0098561
0.0098560
0.0098560
0.0098560
0.0098562
0.0098561
0.0098560
0.0098556
0.0098553
0.0098551
0.0098548
0.0098542
0.0098537
0.0098531
0.0098526
0.0098518
0.0098515
0.0098513
0.0098508
0.0098502
0.0098496
0.0098488
0.0098478
0.0098466
0.0098455
0.0098443
0.0098434
0.0098423
0.0098414
0.0098405
0.0098396
0.0098387
0.0098379
0.0098372
0.0098366
0.0098361
0.0098360
0.0098358
0.0098356
0.0098353
0.0098350
0.0098349
0.0098346
0.0098342
0.0098337
0.0098331
0.0098325
0.0098317
0.0098310
0.0098301
0.0098295
0.0098288
0.0098281
0.0098274
0.0098264
0.0098253
0.0098241
0.0098229
0.0098216
0.0098207
0.0098199
0.0098189
0.0098177
0.0098165
0.0098153
0.0098140
0.0098124
0.0098107
0.0098089
0.0098074
0.0098058
0.0098043
0.0098030
0.0098017
0.0098003
0.0097987
0.0097969
0.0097949
0.0097927
0.0097905
0.0097885
0.0097864
0.0097841
0.0097817
0.0097794
0.0097771
0.0097748
0.0097727
0.0097705
0.0097681
0.0097657
0.0097632
0.0097606
0.0097581
0.0097556
0.0097528
0.0097498
0.0097468
0.0097438
0.0097407
0.0097379
0.0097350
0.0097322
0.0097295
0.0097266
0.0097239
0.0097212
0.0097184
0.0097157
0.0097130
0.0097102
0.0097075
0.0097051
0.0097028
0.0097008
0.0096989
0.0096969
0.0096950
0.0096932
0.0096917
0.0096903
0.0096891
0.0096879
0.0096865
0.0096849
0.0096830
0.0096813
0.0096799
0.0096789
0.0096778
0.0096765
0.0096756
0.0096743
0.0096728
0.0096716
0.0096704
0.0096688
0.0096671
0.0096653
0.0096637
0.0096622
0.0096607
0.0096591
0.0096578
0.0096563
0.0096549
0.0096537
0.0096524
0.0096513
0.0096500
0.0096487
0.0096474
0.0096463
0.0096449
0.0096436
0.0096422
0.0096407
0.0096392
0.0096378
0.0096362
0.0096349
0.0096337
0.0096323
0.0096309
0.0096295
0.0096280
0.0096266
0.0096253
0.0096237
0.0096222
0.0096208
0.0096195
0.0096182
0.0096171
0.0096161
0.0096157
0.0096154
0.0096153
0.0096157
0.0096162
0.0096169
0.0096172
0.0096176
0.0096178
0.0096183
0.0096185
0.0096187
0.0096185
0.0096179
0.0096172
0.0096167
0.0096160
0.0096153
0.0096145
0.0096135
0.0096124
0.0096112
0.0096100
0.0096084
0.0096070
0.0096057
0.0096048
0.0096038
0.0096026
0.0096015
0.0096002
0.0095986
0.0095970
0.0095953
0.0095936
0.0095920
0.0095905
0.0095890
0.0095881
0.0095873
0.0095867
0.0095863
0.0095858
0.0095853
0.0095846
0.0095839
0.0095834
0.0095828
0.0095820
0.0095807
0.0095789
0.0095766
0.0095743
0.0095720
0.0095695
0.0095668
0.0095641
0.0095613
0.0095586
0.0095559
0.0095530
0.0095500
0.0095470
0.0095443
0.0095418
0.0095393
0.0095367
0.0095342
0.0095315
0.0095290
0.0095267
0.0095247
0.0095227
0.0095205
0.0095190
0.0095173
0.0095157
0.0095140
0.0095125
0.0095110
0.0095098
0.0095084
0.0095067
0.0095048
0.0095027
0.0095006
0.0094989
0.0094968
0.0094944
0.0094922
0.0094899
0.0094874
0.0094845
0.0094813
0.0094783
0.0094753
0.0094721
0.0094694
0.0094669
0.0094647
0.0094624
0.0094599
0.0094574
0.0094549
0.0094523
0.0094498
0.0094475
0.0094450
0.0094428
0.0094405
0.0094382
0.0094359
0.0094339
0.0094320
0.0094302
0.0094282
0.0094261
0.0094241
0.0094219
0.0094195
0.0094173
0.0094151
0.0094125
0.0094101
0.0094077
0.0094049
0.0094023
0.0093997
0.0093971
0.0093943
0.0093919
0.0093895
0.0093872
0.0093850
0.0093830
0.0093813
0.0093795
0.0093774
0.0093754
0.0093734
0.0093716
0.0093698
0.0093680
0.0093662
0.0093648
0.0093634
0.0093620
0.0093602
0.0093583
0.0093564
0.0093544
0.0093525
0.0093504
0.0093481
0.0093458
0.0093434
0.0093413
0.0093393
0.0093371
0.0093352
0.0093334
0.0093316
0.0093299
0.0093280
0.0093263
0.0093248
0.0093231
0.0093214
0.0093199
0.0093185
0.0093173
0.0093162
0.0093151
0.0093138
0.0093127
0.0093116
0.0093107
0.0093099
0.0093092
0.0093083
0.0093077
0.0093071
0.0093063
0.0093057
0.0093052
0.0093050
0.0093043
0.0093036
0.0093031
0.0093021
0.0093010
0.0092998
0.0092988
0.0092979
0.0092970
0.0092963
0.0092958
0.0092953
0.0092951
0.0092950
0.0092950
0.0092949
0.0092950
0.0092950
0.0092953
0.0092954
0.0092953
0.0092953
0.0092954
0.0092952
0.0092950
0.0092949
0.0092947
0.0092946
0.0092946
0.0092945
0.0092944
0.0092943
0.0092940
0.0092939
0.0092937
0.0092932
0.0092930
0.0092926
0.0092924
0.0092922
0.0092919
0.0092916
0.0092914
0.0092911
0.0092904
0.0092898
0.0092891
0.0092884
0.0092876
0.0092870
0.0092863
0.0092858
0.0092853
0.0092851
0.0092854
0.0092859
0.0092862
0.0092868
0.0092872
0.0092875
0.0092879
0.0092883
0.0092888
0.0092892
0.0092894
0.0092896
0.0092894
0.0092891
0.0092890
0.0092888
0.0092888
0.0092887
0.0092886
0.0092887
0.0092886
0.0092885
0.0092886
0.0092885
0.0092881
0.0092877
0.0092876
0.0092873
0.0092868
0.0092862
0.0092859
0.0092858
0.0092858
0.0092858
0.0092857
0.0092860
0.0092863
0.0092869
0.0092874
0.0092875
0.0092875
0.0092876
0.0092874
0.0092873
0.0092875
0.0092877
0.0092878
0.0092878
0.0092875
0.0092871
0.0092866
0.0092863
0.0092858
0.0092852
0.0092846
0.0092842
0.0092840
0.0092835
0.0092830
0.0092826
0.0092820
0.0092812
0.0092802
0.0092792
0.0092782
0.0092772
0.0092761
0.0092750
0.0092740
0.0092732
0.0092728
0.0092726
0.0092722
0.0092718
0.0092714
0.0092714
0.0092715
0.0092716
0.0092718
0.0092717
0.0092718
0.0092718
0.0092718
0.0092717
0.0092716
0.0092713
0.0092710
0.0092706
0.0092704
0.0092700
0.0092692
0.0092683
0.0092672
0.0092662
0.0092655
0.0092646
0.0092636
0.0092628
0.0092622
0.0092616
0.0092611
0.0092607
0.0092601
0.0092596
0.0092591
0.0092587
0.0092587
0.0092586
0.0092588
0.0092593
0.0092597
0.0092600
0.0092604
0.0092608
0.0092614
0.0092624
0.0092633
0.0092642
0.0092651
0.0092662
0.0092671
0.0092681
0.0092693
0.0092706
0.0092720
0.0092733
0.0092747
0.0092760
0.0092777
0.0092795
0.0092814
0.0092834
0.0092855
0.0092878
0.0092902
0.0092926
0.0092953
0.0092980
0.0093007
0.0093034
0.0093060
0.0093087
0.0093112
0.0093137
0.0093160
0.0093180
0.0093198
0.0093219
0.0093240
0.0093258
0.0093276
0.0093294
0.0093311
0.0093328
0.0093346
0.0093367
0.0093386
0.0093406
0.0093423
0.0093438
0.0093453
0.0093472
0.0093493
0.0093514
0.0093537
0.0093561
0.0093585
0.0093610
0.0093635
0.0093661
0.0093687
0.0093710
0.0093735
0.0093759
0.0093781
0.0093801
0.0093824
0.0093846
0.0093868
0.0093891
0.0093913
0.0093936
0.0093958
0.0093981
0.0094005
0.0094032
0.0094059
0.0094083
0.0094109
0.0094135
0.0094162
0.0094193
0.0094224
0.0094257
0.0094289
0.0094319
0.0094351
0.0094379
0.0094409
0.0094440
0.0094468
0.0094495
0.0094524
0.0094555
0.0094588
0.0094620
0.0094655
0.0094689
0.0094722
0.0094754
0.0094785
0.0094816
0.0094844
0.0094871
0.0094899
0.0094925
0.0094951
0.0094978
0.0095006
0.0095034
0.0095061
0.0095088
0.0095111
0.0095131
0.0095149
0.0095171
0.0095191
0.0095210
0.0095229
0.0095248
0.0095266
0.0095284
0.0095303
0.0095319
0.0095333
0.0095347
0.0095362
0.0095378
0.0095392
0.0095405
0.0095419
0.0095435
0.0095451
0.0095466
0.0095481
0.0095495
0.0095512
0.0095531
0.0095551
0.0095571
0.0095593
0.0095615
0.0095636
0.0095652
0.0095667
0.0095681
0.0095694
0.0095706
0.0095717
0.0095729
0.0095741
0.0095753
0.0095764
0.0095777
0.0095789
0.0095799
0.0095809
0.0095818
0.0095829
0.0095845
0.0095861
0.0095874
0.0095888
0.0095902
0.0095918
0.0095931
0.0095943
0.0095957
0.0095972
0.0095985
0.0096000
0.0096014
0.0096028
0.0096039
0.0096048
0.0096057
0.0096067
0.0096078
0.0096091
0.0096104
0.0096119
0.0096132
0.0096145
0.0096155
0.0096166
0.0096174
0.0096182
0.0096188
0.0096196
0.0096204
0.0096209
0.0096214
0.0096221
0.0096227
0.0096232
0.0096236
0.0096239
0.0096243
0.0096247
0.0096248
0.0096247
0.0096245
0.0096243
0.0096240
0.0096239
0.0096240
0.0096241
0.0096242
0.0096247
0.0096250
0.0096255
0.0096260
0.0096263
0.0096264
0.0096265
0.0096267
0.0096270
0.0096276
0.0096280
0.0096281
0.0096282
0.0096286
0.0096290
0.0096295
0.0096301
0.0096310
0.0096321
0.0096330
0.0096339
0.0096352
0.0096364
0.0096377
0.0096391
0.0096403
0.0096414
0.0096424
0.0096431
0.0096438
0.0096442
0.0096446
0.0096452
0.0096456
0.0096460
0.0096465
0.0096466
0.0096470
0.0096474
0.0096477
0.0096478
0.0096478
0.0096475
0.0096471
0.0096467
0.0096465
0.0096465
0.0096466
0.0096463
0.0096463
0.0096464
0.0096464
0.0096464
0.0096467
0.0096470
0.0096474
0.0096481
0.0096489
0.0096498
0.0096510
0.0096523
0.0096538
0.0096552
0.0096568
0.0096585
0.0096602
0.0096619
0.0096635
0.0096652
0.0096669
0.0096687
0.0096704
0.0096720
0.0096736
0.0096754
0.0096769
0.0096784
0.0096800
0.0096818
0.0096833
0.0096845
0.0096861
0.0096874
0.0096887
0.0096898
0.0096911
0.0096923
0.0096936
0.0096948
0.0096957
0.0096965
0.0096973
0.0096982
0.0096994
0.0097004
0.0097014
0.0097022
0.0097027
0.0097033
0.0097038
0.0097040
0.0097043
0.0097046
0.0097052
0.0097057
0.0097061
0.0097068
0.0097073
0.0097077
0.0097081
0.0097086
0.0097089
0.0097092
0.0097093
0.0097095
0.0097099
0.0097102
0.0097106
0.0097112
0.0097120
0.0097130
0.0097142
0.0097156
0.0097172
0.0097188
0.0097206
0.0097223
0.0097239
0.0097256
0.0097274
0.0097293
0.0097311
0.0097328
0.0097342
0.0097354
0.0097366
0.0097377
0.0097384
0.0097389
0.0097396
0.0097403
0.0097412
0.0097421
0.0097427
0.0097434
0.0097440
0.0097443
0.0097449
0.0097453
0.0097458
0.0097464
0.0097468
0.0097471
0.0097476
0.0097482
0.0097488
0.0097493
0.0097498
0.0097504
0.0097512
0.0097520
0.0097528
0.0097535
0.0097541
0.0097545
0.0097548
0.0097550
0.0097554
0.0097557
0.0097562
0.0097566
0.0097569
0.0097573
0.0097581
0.0097591
0.0097599
0.0097606
0.0097615
0.0097628
0.0097638
0.0097649
0.0097661
0.0097675
0.0097689
0.0097702
0.0097712
0.0097720
0.0097729
0.0097737
0.0097748
0.0097759
0.0097770
0.0097778
0.0097788
0.0097801
0.0097816
0.0097830
0.0097845
0.0097861
0.0097877
0.0097890
0.0097903
0.0097913
0.0097925
0.0097935
0.0097946
0.0097955
0.0097965
0.0097976
0.0097989
0.0098004
0.0098018
0.0098036
0.0098054
0.0098073
0.0098089
0.0098102
0.0098113
0.0098124
0.0098134
0.0098146
0.0098155
0.0098166
0.0098177
0.0098187
0.0098197
0.0098206
0.0098218
0.0098231
0.0098243
0.0098255
0.0098268
0.0098284
0.0098301
0.0098318
0.0098332
0.0098346
0.0098356
0.0098367
0.0098379
0.0098395
0.0098412
0.0098430
0.0098449
0.0098469
0.0098489
0.0098509
0.0098526
0.0098543
0.0098562
0.0098577
0.0098592
0.0098604
0.0098616
0.0098626
0.0098634
0.0098643
0.0098654
0.0098664
0.0098676
0.0098690
0.0098701
0.0098713
0.0098725
0.0098738
0.0098748
0.0098758
0.0098769
0.0098780
0.0098791
0.0098800
0.0098807
0.0098812
0.0098817
0.0098826
0.0098834
0.0098840
0.0098845
0.0098853
0.0098860
0.0098866
0.0098874
0.0098881
0.0098887
0.0098894
0.0098903
0.0098915
0.0098925
0.0098935
0.0098942
0.0098951
0.0098961
0.0098969
0.0098977
0.0098984
0.0098991
0.0098995
0.0099001
0.0099005
0.0099009
0.0099011
0.0099014
0.0099019
0.0099023
0.0099024
0.0099023
0.0099019
0.0099014
0.0099007
0.0099000
0.0098993
0.0098987
0.0098982
0.0098978
0.0098971
0.0098964
0.0098959
0.0098953
0.0098950
0.0098947
0.0098945
0.0098942
0.0098940
0.0098936
0.0098931
0.0098925
0.0098919
0.0098915
0.0098913
0.0098910
0.0098909
0.0098908
0.0098904
0.0098901
0.0098899
0.0098901
0.0098901
0.0098897
0.0098894
0.0098890
0.0098887
0.0098882
0.0098876
0.0098872
0.0098867
0.0098862
0.0098857
0.0098853
0.0098848
0.0098840
0.0098830
0.0098821
0.0098812
0.0098804
0.0098796
0.0098791
0.0098783
0.0098778
0.0098774
0.0098769
0.0098764
0.0098762
0.0098762
0.0098763
0.0098763
0.0098765
0.0098767
0.0098770
0.0098774
0.0098780
0.0098787
0.0098792
0.0098796
0.0098802
0.0098806
0.0098812
0.0098820
0.0098827
0.0098834
0.0098842
0.0098846
0.0098852
0.0098858
0.0098863
0.0098869
0.0098876
0.0098884
0.0098890
0.0098896
0.0098901
0.0098907
0.0098913
0.0098920
0.0098929
0.0098937
0.0098947
0.0098960
0.0098973
0.0098984
0.0098998
0.0099010
0.0099019
0.0099028
0.0099034
0.0099039
0.0099042
0.0099045
0.0099048
0.0099054
0.0099062
0.0099066
0.0099071
0.0099075
0.0099078
0.0099079
0.0099083
0.0099084
0.0099086
0.0099088
0.0099088
0.0099087
0.0099084
0.0099080
0.0099076
0.0099071
0.0099069
0.0099065
0.0099063
0.0099062
0.0099060
0.0099056
0.0099051
0.0099047
0.0099045
0.0099040
0.0099038
0.0099032
0.0099027
0.0099021
0.0099016
0.0099009
0.0099001
0.0098993
0.0098987
0.0098981
0.0098973
0.0098964
0.0098953
0.0098943
0.0098934
0.0098924
0.0098915
0.0098903
0.0098888
0.0098873
0.0098858
0.0098844
0.0098829
0.0098810
0.0098793
0.0098777
0.0098761
0.0098747
0.0098733
0.0098718
0.0098703
0.0098690
0.0098681
0.0098673
0.0098662
0.0098651
0.0098637
0.0098624
0.0098611
0.0098599
0.0098586
0.0098574
0.0098563
0.0098552
0.0098542
0.0098532
0.0098519
0.0098506
0.0098494
0.0098481
0.0098463
0.0098444
0.0098424
0.0098405
0.0098386
0.0098372
0.0098358
0.0098342
0.0098325
0.0098306
0.0098289
0.0098271
0.0098252
0.0098230
0.0098210
0.0098190
0.0098168
0.0098144
0.0098123
0.0098101
0.0098077
0.0098054
0.0098032
0.0098008
0.0097985
0.0097962
0.0097940
0.0097917
0.0097893
0.0097870
0.0097845
0.0097821
0.0097800
0.0097780
0.0097761
0.0097740
0.0097721
0.0097698
0.0097676
0.0097656
0.0097638
0.0097622
0.0097605
0.0097587
0.0097568
0.0097549
0.0097531
0.0097516
0.0097500
0.0097487
0.0097473
0.0097458
0.0097442
0.0097428
0.0097416
0.0097406
0.0097396
0.0097385
0.0097374
0.0097363
0.0097351
0.0097335
0.0097321
0.0097307
0.0097295
0.0097283
0.0097269
0.0097255
0.0097243
0.0097232
0.0097222
0.0097210
0.0097202
0.0097195
0.0097187
0.0097179
0.0097172
0.0097166
0.0097160
0.0097153
0.0097147
0.0097137
0.0097126
0.0097115
0.0097105
0.0097095
0.0097085
0.0097076
0.0097064
0.0097053
0.0097043
0.0097033
0.0097022
0.0097012
0.0097001
0.0096989
0.0096977
0.0096966
0.0096957
0.0096952
0.0096947
0.0096942
0.0096937
0.0096933
0.0096931
0.0096927
0.0096923
0.0096917
0.0096910
0.0096903
0.0096895
0.0096888
0.0096882
0.0096875
0.0096871
0.0096866
0.0096862
0.0096858
0.0096857
0.0096855
0.0096852
0.0096848
0.0096843
0.0096840
0.0096835
0.0096829
0.0096820
0.0096808
0.0096795
0.0096781
0.0096769
0.0096758
0.0096749
0.0096739
0.0096731
0.0096721
0.0096712
0.0096702
0.0096694
0.0096688
0.0096683
0.0096678
0.0096672
0.0096667
0.0096665
0.0096665
0.0096666
0.0096668
0.0096668
0.0096667
0.0096666
0.0096667
0.0096664
0.0096661
0.0096659
0.0096658
0.0096658
0.0096657
0.0096657
0.0096659
0.0096657
0.0096655
0.0096654
0.0096654
0.0096653
0.0096650
0.0096645
0.0096638
0.0096633
0.0096626
0.0096621
0.0096616
0.0096610
0.0096602
0.0096591
0.0096583
0.0096571
0.0096561
0.0096550
0.0096537
0.0096522
0.0096509
