0.0346523
0.0307199
0.0276586
0.0252061
0.0232117
0.0215600
0.0201689
0.0189695
0.0179151
0.0169911
0.0161644
0.0154531
0.0147915
0.0141862
0.0136359
0.0131296
0.0126424
0.0121602
0.0116972
0.0112591
0.0108840
0.0105391
0.0102120
0.0098912
0.0095875
0.0093195
0.0090707
0.0088543
0.0086326
0.0083860
0.0081562
0.0079518
0.0077695
0.0076026
0.0074294
0.0072585
0.0070764
0.0068790
0.0066753
0.0065001
0.0063407
0.0061884
0.0060470
0.0059253
0.0058062
0.0056894
0.0055691
0.0054290
0.0053091
0.0051804
0.0050505
0.0049269
0.0048323
0.0047508
0.0046653
0.0045862
0.0044982
0.0044168
0.0043302
0.0042426
0.0041520
0.0040723
0.0040059
0.0039184
0.0038520
0.0037606
0.0036940
0.0036189
0.0035311
0.0034512
0.0033776
0.0032977
0.0032136
0.0031271
0.0030660
0.0030124
0.0029417
0.0028791
0.0028237
0.0027656
0.0027085
0.0026575
0.0025976
0.0025396
0.0024970
0.0024333
0.0023933
0.0023524
0.0023274
0.0022850
0.0022486
0.0022134
0.0021652
0.0021373
0.0020874
0.0020470
0.0020021
0.0019485
0.0018993
0.0018462
0.0018009
0.0017697
0.0017433
0.0017188
0.0016902
0.0016618
0.0016374
0.0016216
0.0016029
0.0015791
0.0015406
0.0015126
0.0014883
0.0014702
0.0014451
0.0014091
0.0013888
0.0013553
0.0013493
0.0013319
0.0013319
0.0013189
0.0012955
0.0012816
0.0012493
0.0012127
0.0011849
0.0011634
0.0011312
0.0011035
0.0010679
0.0010525
0.0010422
0.0010299
0.0010141
0.0009956
0.0009797
0.0009826
0.0009790
0.0009681
0.0009656
0.0009662
0.0009513
0.0009342
0.0009355
0.0009330
0.0009295
0.0009007
0.0008901
0.0008772
0.0008733
0.0008645
0.0008679
0.0008681
0.0008619
0.0008292
0.0007909
0.0007729
0.0007692
0.0007565
0.0007395
0.0007376
0.0007195
0.0006940
0.0006745
0.0006741
0.0006732
0.0006667
0.0006733
0.0006776
0.0006686
0.0006512
0.0006190
0.0005939
0.0005527
0.0005462
0.0005392
0.0005215
0.0005099
0.0004943
0.0004862
0.0004691
0.0004672
0.0004683
0.0004604
0.0004504
0.0004606
0.0004600
0.0004575
0.0004535
0.0004468
0.0004520
0.0004503
0.0004621
0.0004704
0.0004684
0.0004738
0.0004670
0.0004604
0.0004533
0.0004414
0.0004221
0.0004099
0.0004081
0.0004001
0.0003934
0.0003787
0.0003648
0.0003304
0.0003002
0.0002600
0.0002298
0.0002066
0.0001908
0.0001762
0.0001702
0.0001512
0.0001350
0.0001443
0.0001223
0.0001117
0.0001069
0.0001000
0.0000750
0.0000506
0.0000507
0.0000636
0.0000678
0.0000499
0.0000257
0.0000086
-0.0000010
-0.0000067
-0.0000263
-0.0000395
-0.0000538
-0.0000733
-0.0000785
-0.0000868
-0.0000920
-0.0000964
-0.0001036
-0.0000942
-0.0000985
-0.0000994
-0.0001061
-0.0001123
-0.0001096
-0.0001073
-0.0001154
-0.0001181
-0.0001093
-0.0000948
-0.0000931
-0.0001024
-0.0000952
-0.0000814
-0.0000671
-0.0000502
-0.0000114
0.0000037
0.0000336
0.0000544
0.0000802
0.0000909
0.0000991
0.0000871
0.0000638
0.0000356
0.0000166
0.0000033
-0.0000138
-0.0000156
-0.0000088
-0.0000050
-0.0000031
-0.0000054
0.0000087
0.0000078
0.0000052
-0.0000012
-0.0000097
-0.0000085
-0.0000259
-0.0000304
-0.0000298
-0.0000294
-0.0000387
-0.0000697
-0.0000782
-0.0000662
-0.0000303
-0.0000282
-0.0000313
-0.0000196
-0.0000178
0.0000009
0.0000263
0.0000390
0.0000508
0.0000423
0.0000258
0.0000002
-0.0000249
-0.0000636
-0.0000973
-0.0001305
-0.0001414
-0.0001405
-0.0001529
-0.0001604
-0.0001452
-0.0001330
-0.0001253
-0.0001395
-0.0001502
-0.0001689
-0.0001807
-0.0001831
-0.0001835
-0.0001971
-0.0002038
-0.0002095
-0.0002094
-0.0001944
-0.0001840
-0.0001779
-0.0001684
-0.0001424
-0.0001096
-0.0000957
-0.0000860
-0.0000866
-0.0000817
-0.0000805
-0.0000728
-0.0000596
-0.0000519
-0.0000374
-0.0000314
-0.0000117
0.0000053
0.0000178
0.0000373
0.0000516
0.0000608
0.0000707
0.0000717
0.0000472
0.0000400
0.0000374
0.0000344
0.0000099
-0.0000248
-0.0000383
-0.0000424
-0.0000552
-0.0000868
-0.0001049
-0.0001085
-0.0001066
-0.0001189
-0.0001268
-0.0001391
-0.0001501
-0.0001680
-0.0001840
-0.0001970
-0.0001957
-0.0001937
-0.0002105
-0.0002083
-0.0002128
-0.0002271
-0.0002267
-0.0002130
-0.0002057
-0.0001973
-0.0001884
-0.0001732
-0.0001497
-0.0001304
-0.0001213
-0.0001093
-0.0000911
-0.0000783
-0.0000924
-0.0000928
-0.0001061
-0.0001216
-0.0001369
-0.0001475
-0.0001552
-0.0001589
-0.0001783
-0.0001853
-0.0001937
-0.0001873
-0.0001754
-0.0001563
-0.0001436
-0.0001305
-0.0001015
-0.0000761
-0.0000625
-0.0000525
-0.0000527
-0.0000457
-0.0000430
-0.0000443
-0.0000464
-0.0000627
-0.0000719
-0.0000867
-0.0001047
-0.0001239
-0.0001477
-0.0001646
-0.0001675
-0.0001553
-0.0001595
-0.0001491
-0.0001348
-0.0001256
-0.0001218
-0.0001228
-0.0001362
-0.0001417
-0.0001598
-0.0001729
-0.0001833
-0.0001881
-0.0001873
-0.0001712
-0.0001676
-0.0001528
-0.0001652
-0.0001642
-0.0001724
-0.0001759
-0.0001863
-0.0002160
-0.0002378
-0.0002464
-0.0002441
-0.0002486
-0.0002517
-0.0002594
-0.0002495
-0.0002397
-0.0002299
-0.0002169
-0.0002103
-0.0002094
-0.0002086
-0.0002002
-0.0001998
-0.0002119
-0.0002209
-0.0002149
-0.0002163
-0.0002069
-0.0002007
-0.0002140
-0.0002218
-0.0002181
-0.0002157
-0.0002157
-0.0002183
-0.0002192
-0.0002138
-0.0002118
-0.0002081
-0.0002049
-0.0001933
-0.0001746
-0.0001686
-0.0001513
-0.0001453
-0.0001315
-0.0001456
-0.0001614
-0.0001719
-0.0001616
-0.0001531
-0.0001577
-0.0001547
-0.0001389
-0.0001275
-0.0001262
-0.0001259
-0.0001314
-0.0001249
-0.0001290
-0.0001479
-0.0001573
-0.0001504
-0.0001445
-0.0001301
-0.0001224
-0.0001176
-0.0001155
-0.0001279
-0.0001510
-0.0001665
-0.0001677
-0.0001843
-0.0001993
-0.0001912
-0.0001750
-0.0001695
-0.0001577
-0.0001482
-0.0001444
-0.0001485
-0.0001591
-0.0001756
-0.0001811
-0.0001788
-0.0001786
-0.0001825
-0.0001900
-0.0002010
-0.0002192
-0.0002206
-0.0002332
-0.0002395
-0.0002430
-0.0002481
-0.0002674
-0.0002763
-0.0002884
-0.0003001
-0.0003059
-0.0003132
-0.0003156
-0.0003176
-0.0003029
-0.0002920
-0.0002861
-0.0002750
-0.0002616
-0.0002620
-0.0002425
-0.0002144
-0.0001952
-0.0001879
-0.0001900
-0.0002124
-0.0002258
-0.0002378
-0.0002390
-0.0002328
-0.0002400
-0.0002485
-0.0002637
-0.0002647
-0.0002921
-0.0003022
-0.0002886
-0.0002761
-0.0002641
-0.0002730
-0.0002777
-0.0002561
-0.0002253
-0.0001993
-0.0001843
-0.0001760
-0.0001723
-0.0001647
-0.0001737
-0.0001893
-0.0001881
-0.0001963
-0.0002253
-0.0002617
-0.0002841
-0.0003048
-0.0003045
-0.0003051
-0.0003163
-0.0003119
-0.0002998
-0.0002913
-0.0002863
-0.0003011
-0.0003207
-0.0003258
-0.0003266
-0.0003474
-0.0003577
-0.0003676
-0.0003630
-0.0003552
-0.0003605
-0.0003534
-0.0003229
-0.0003153
-0.0003116
-0.0002908
-0.0002595
-0.0002463
-0.0002519
-0.0002710
-0.0002790
-0.0002891
-0.0002695
-0.0002679
-0.0002577
-0.0002565
-0.0002530
-0.0002633
-0.0002726
-0.0002716
-0.0002619
-0.0002649
-0.0002693
-0.0002769
-0.0002771
-0.0002627
-0.0002667
-0.0002810
-0.0002964
-0.0002989
-0.0002904
-0.0002687
-0.0002361
-0.0002013
-0.0001562
-0.0001108
-0.0000797
-0.0000444
-0.0000324
-0.0000241
-0.0000455
-0.0000750
-0.0000910
-0.0000939
-0.0000807
-0.0000692
-0.0000586
-0.0000610
-0.0000589
-0.0000481
-0.0000307
-0.0000220
-0.0000128
-0.0000019
0.0000140
0.0000401
0.0000392
0.0000348
0.0000280
0.0000281
0.0000149
0.0000001
-0.0000069
-0.0000126
-0.0000306
-0.0000395
-0.0000384
-0.0000380
-0.0000363
-0.0000419
-0.0000463
-0.0000439
-0.0000401
-0.0000473
-0.0000462
-0.0000349
-0.0000237
-0.0000229
-0.0000177
-0.0000060
-0.0000179
-0.0000412
-0.0000669
-0.0000772
-0.0000917
-0.0001052
-0.0001165
-0.0001197
-0.0001104
-0.0000897
-0.0000676
-0.0000512
-0.0000479
-0.0000279
-0.0000363
-0.0000283
-0.0000411
-0.0000722
-0.0000856
-0.0000925
-0.0001129
-0.0001212
-0.0001118
-0.0000780
-0.0000492
-0.0000385
-0.0000379
-0.0000390
-0.0000431
-0.0000499
-0.0000528
-0.0000563
-0.0000640
-0.0000592
-0.0000438
-0.0000495
-0.0000569
-0.0000638
-0.0000641
-0.0000303
-0.0000219
0.0000006
0.0000108
0.0000055
-0.0000019
0.0000006
-0.0000063
-0.0000033
-0.0000095
-0.0000200
-0.0000301
-0.0000383
-0.0000480
-0.0000483
-0.0000661
-0.0000825
-0.0000962
-0.0000966
-0.0001068
-0.0001304
-0.0001436
-0.0001549
-0.0001794
-0.0002077
-0.0002191
-0.0002234
-0.0002281
-0.0002352
-0.0002230
-0.0002112
-0.0002049
-0.0001907
-0.0001680
-0.0001465
-0.0001306
-0.0001205
-0.0001172
-0.0001048
-0.0000959
-0.0000911
-0.0001052
-0.0001073
-0.0001277
-0.0001511
-0.0001698
-0.0001709
-0.0001531
-0.0001359
-0.0001324
-0.0001270
-0.0001345
-0.0001345
-0.0001477
-0.0001663
-0.0001768
-0.0001819
-0.0001749
-0.0001680
-0.0001555
-0.0001490
-0.0001516
-0.0001523
-0.0001490
-0.0001450
-0.0001501
-0.0001587
-0.0001625
-0.0001538
-0.0001444
-0.0001590
-0.0001718
-0.0001891
-0.0002095
-0.0002188
-0.0002272
-0.0002259
-0.0002331
-0.0002375
-0.0002388
-0.0002435
-0.0002523
-0.0002727
-0.0002802
-0.0002944
-0.0002821
-0.0002613
-0.0002352
-0.0002076
-0.0001962
-0.0001988
-0.0002020
-0.0002159
-0.0002227
-0.0002344
-0.0002517
-0.0002592
-0.0002669
-0.0002606
-0.0002713
-0.0002596
-0.0002361
-0.0002385
-0.0002699
-0.0003060
-0.0003258
-0.0003384
-0.0003661
-0.0003839
-0.0003853
-0.0003882
-0.0003594
-0.0003478
-0.0003492
-0.0003550
-0.0003462
-0.0003324
-0.0003207
-0.0003185
-0.0003101
-0.0003090
-0.0003118
-0.0003189
-0.0003318
-0.0003319
-0.0003235
-0.0003070
-0.0002926
-0.0002984
-0.0002924
-0.0002956
-0.0002828
-0.0002840
-0.0002830
-0.0002553
-0.0002537
-0.0002362
-0.0002180
-0.0002032
-0.0001988
-0.0002000
-0.0002015
-0.0001983
-0.0001802
-0.0001891
-0.0001821
-0.0001930
-0.0001871
-0.0001852
-0.0001850
-0.0001896
-0.0002083
-0.0002245
-0.0002358
-0.0002443
-0.0002351
-0.0002248
-0.0002288
-0.0002354
-0.0002569
-0.0002829
-0.0002879
-0.0002621
-0.0002385
-0.0002320
-0.0001946
-0.0001631
-0.0001368
-0.0001143
-0.0000950
-0.0001024
-0.0001000
-0.0000935
-0.0000968
-0.0001026
-0.0000983
-0.0001027
-0.0001248
-0.0001233
-0.0001169
-0.0001248
-0.0001377
-0.0001316
-0.0001239
-0.0001115
-0.0001034
-0.0000927
-0.0001092
-0.0001148
-0.0001216
-0.0001344
-0.0001459
-0.0001516
-0.0001596
-0.0001825
-0.0001931
-0.0001813
-0.0001817
-0.0001833
-0.0001803
-0.0001681
-0.0001601
-0.0001541
-0.0001574
-0.0001485
-0.0001616
-0.0001693
-0.0001818
-0.0001844
-0.0001904
-0.0001920
-0.0001743
-0.0001520
-0.0001374
-0.0001203
-0.0001262
-0.0001365
-0.0001437
-0.0001395
-0.0001320
-0.0001465
-0.0001614
-0.0001909
-0.0001888
-0.0001763
-0.0001431
-0.0001207
-0.0000971
-0.0000935
-0.0001039
-0.0001007
-0.0000804
-0.0000760
-0.0000700
-0.0000686
-0.0000664
-0.0000528
-0.0000554
-0.0000738
-0.0000912
-0.0001111
-0.0001015
-0.0000977
-0.0001239
-0.0001634
-0.0002043
-0.0002480
-0.0002701
-0.0002889
-0.0003005
-0.0003197
-0.0003268
-0.0003434
-0.0003722
-0.0004088
-0.0004439
-0.0004694
-0.0004770
-0.0004947
-0.0004890
-0.0004780
-0.0004555
-0.0004235
-0.0004020
-0.0003806
-0.0003785
-0.0003618
-0.0003353
-0.0003135
-0.0003002
-0.0002872
-0.0002788
-0.0002611
-0.0002575
-0.0002500
-0.0002316
-0.0002133
-0.0001959
-0.0001850
-0.0001941
-0.0002055
-0.0001992
-0.0001762
-0.0001500
-0.0001309
-0.0001300
-0.0001340
-0.0001453
-0.0001483
-0.0001384
-0.0001401
-0.0001414
-0.0001518
-0.0001657
-0.0001868
-0.0001889
-0.0001837
-0.0001751
-0.0001722
-0.0001565
-0.0001464
-0.0001477
-0.0001509
-0.0001487
-0.0001291
-0.0001090
-0.0000842
-0.0000607
-0.0000623
-0.0000762
-0.0001017
-0.0001378
-0.0001649
-0.0001739
-0.0001634
-0.0001537
-0.0001404
-0.0001201
-0.0001044
-0.0000832
-0.0000697
-0.0000618
-0.0000515
-0.0000647
-0.0000675
-0.0000598
-0.0000810
-0.0000825
-0.0000890
-0.0000864
-0.0000761
-0.0000575
-0.0000327
-0.0000065
-0.0000029
0.0000028
0.0000027
0.0000101
0.0000167
0.0000239
0.0000251
0.0000302
0.0000356
0.0000512
0.0000767
0.0000690
0.0000528
0.0000421
0.0000522
0.0000661
0.0000785
0.0000760
0.0000714
0.0000851
0.0000727
0.0000753
0.0000773
0.0000684
0.0000674
0.0000551
0.0000510
0.0000517
0.0000508
0.0000756
0.0000954
0.0000896
0.0000971
0.0001017
0.0001122
0.0001199
0.0001435
0.0001608
0.0001727
0.0001735
0.0001731
0.0001931
0.0002020
0.0002098
0.0002107
0.0001992
0.0001785
0.0001689
0.0001814
0.0001790
0.0001744
0.0001750
0.0001791
0.0001769
0.0001722
0.0001711
0.0001481
0.0001336
0.0001051
0.0000800
0.0000762
0.0000705
0.0000426
0.0000181
0.0000139
0.0000015
0.0000053
-0.0000034
-0.0000257
-0.0000138
-0.0000051
0.0000100
0.0000098
-0.0000020
-0.0000241
-0.0000365
-0.0000333
-0.0000178
-0.0000030
-0.0000032
-0.0000068
-0.0000051
-0.0000098
0.0000061
0.0000248
0.0000414
0.0000561
0.0000702
0.0000810
0.0000993
0.0001295
0.0001643
0.0002248
0.0002515
0.0002708
0.0002702
0.0002743
0.0002792
0.0002570
0.0002377
0.0002044
0.0001827
0.0001756
0.0001633
0.0001726
0.0001802
0.0001852
0.0001869
0.0001842
0.0001677
0.0001512
0.0001386
0.0001027
0.0000685
0.0000421
0.0000325
0.0000149
-0.0000043
-0.0000126
-0.0000178
-0.0000104
-0.0000093
0.0000040
0.0000260
0.0000401
0.0000491
0.0000573
0.0000632
0.0000586
0.0000635
0.0000506
0.0000472
0.0000484
0.0000636
0.0000871
0.0001143
0.0001349
0.0001455
0.0001680
0.0001804
0.0001958
0.0002161
0.0002331
0.0002531
0.0002469
0.0002454
0.0002466
0.0002392
0.0002325
0.0001999
0.0001930
0.0001791
0.0001630
0.0001401
0.0001274
0.0001405
0.0001476
0.0001632
0.0001732
0.0001868
0.0001908
0.0001918
0.0002040
0.0002139
0.0002277
0.0002463
0.0002572
0.0002666
0.0002670
0.0002982
0.0003216
0.0003433
0.0003354
0.0003370
0.0003541
0.0003614
0.0003644
0.0003653
0.0003506
0.0003643
0.0003873
0.0004121
0.0004278
0.0004546
0.0004552
0.0004602
0.0004740
0.0004855
0.0004866
0.0004802
0.0004739
0.0004649
0.0004498
0.0004348
0.0004296
0.0004277
0.0004268
0.0004283
0.0004194
0.0004197
0.0004257
0.0004209
0.0004186
0.0004366
0.0004582
0.0004777
0.0004679
0.0004540
0.0004350
0.0004366
0.0004329
0.0004204
0.0003946
0.0003763
0.0003615
0.0003624
0.0003797
0.0003785
0.0003850
0.0004012
0.0004157
0.0004280
0.0004410
0.0004356
0.0004331
0.0004223
0.0004094
0.0004191
0.0003932
0.0003777
0.0003806
0.0003551
0.0003406
0.0003278
0.0003221
0.0003255
0.0003343
0.0003396
0.0003345
0.0003432
0.0003341
0.0003398
0.0003391
0.0003288
0.0003185
0.0003208
0.0003126
0.0002984
0.0002844
0.0002638
0.0002508
0.0002377
0.0002164
0.0001989
0.0001744
0.0001678
0.0001400
0.0001147
0.0000818
0.0000585
0.0000526
0.0000553
0.0000560
0.0000510
0.0000478
0.0000380
0.0000340
0.0000397
0.0000362
0.0000197
0.0000122
0.0000040
0.0000018
-0.0000012
0.0000013
-0.0000003
-0.0000165
-0.0000447
-0.0000521
-0.0000739
-0.0001001
-0.0001278
-0.0001607
-0.0001749
-0.0001910
-0.0002017
-0.0002139
-0.0002446
-0.0002606
-0.0002820
-0.0003005
-0.0003163
-0.0003241
-0.0003277
-0.0003172
-0.0002967
-0.0002807
-0.0002878
-0.0002898
-0.0002757
-0.0002604
-0.0002345
-0.0002264
-0.0002270
-0.0002140
-0.0002081
-0.0002186
-0.0002356
-0.0002556
-0.0002650
-0.0002711
-0.0002705
-0.0002639
-0.0002677
-0.0002715
-0.0002859
-0.0002876
-0.0002921
-0.0003043
-0.0003147
-0.0003141
-0.0003178
-0.0003267
-0.0003440
-0.0003408
-0.0003518
-0.0003394
-0.0003515
-0.0003683
-0.0003776
-0.0003832
-0.0003964
-0.0004132
-0.0004115
-0.0004223
-0.0004349
-0.0004433
-0.0004507
-0.0004565
-0.0004554
-0.0004557
-0.0004506
-0.0004439
-0.0004667
-0.0004777
-0.0004503
-0.0004598
-0.0004713
-0.0004685
-0.0004837
-0.0004878
-0.0004695
-0.0004552
-0.0004760
-0.0004922
-0.0005059
-0.0005328
-0.0005594
-0.0005964
-0.0006228
-0.0006292
-0.0006328
-0.0006337
-0.0006607
-0.0006839
-0.0006871
-0.0006794
-0.0006741
-0.0006707
-0.0006603
-0.0006657
-0.0006676
-0.0006796
-0.0006779
-0.0006529
-0.0006309
-0.0006286
-0.0006237
-0.0006182
-0.0006157
-0.0006108
-0.0006018
-0.0006044
-0.0005927
-0.0005679
-0.0005620
-0.0005490
-0.0005269
-0.0005050
-0.0004984
-0.0004916
-0.0004858
-0.0004682
-0.0004555
-0.0004636
-0.0004787
-0.0004938
-0.0004831
-0.0004667
-0.0004481
-0.0004530
-0.0004641
-0.0004735
-0.0004654
-0.0004682
-0.0004797
-0.0004907
-0.0004940
-0.0004866
-0.0004962
-0.0005197
-0.0005613
-0.0005931
-0.0006117
-0.0006251
-0.0006552
-0.0006791
-0.0006935
-0.0006889
-0.0006834
-0.0006678
-0.0006561
-0.0006297
-0.0006129
-0.0006193
-0.0006186
-0.0006255
-0.0006367
-0.0006432
-0.0006446
-0.0006382
-0.0006409
-0.0006281
-0.0006126
-0.0005877
-0.0005850
-0.0005723
-0.0005701
-0.0005779
-0.0005694
-0.0005617
-0.0005628
-0.0005664
-0.0005608
-0.0005349
-0.0005152
-0.0005061
-0.0005144
-0.0005347
-0.0005700
-0.0005963
-0.0006159
-0.0006390
-0.0006462
-0.0006381
-0.0006233
-0.0006148
-0.0006007
-0.0006082
-0.0006254
-0.0006510
-0.0006570
-0.0006802
-0.0006895
-0.0006969
-0.0006929
-0.0006729
-0.0006594
-0.0006477
-0.0006520
-0.0006391
-0.0006243
-0.0005943
-0.0005694
-0.0005684
-0.0005612
-0.0005607
-0.0005491
-0.0005235
-0.0004784
-0.0004402
-0.0004096
-0.0003736
-0.0003644
-0.0003661
-0.0003577
-0.0003498
-0.0003208
-0.0003028
-0.0003027
-0.0003027
-0.0003083
-0.0003219
-0.0003296
-0.0003399
-0.0003476
-0.0003609
-0.0003677
-0.0003536
-0.0003295
-0.0003071
-0.0002875
-0.0002610
-0.0002323
-0.0001896
-0.0001649
-0.0001305
-0.0000937
-0.0000898
-0.0000796
-0.0000670
-0.0000804
-0.0000882
-0.0000825
-0.0000699
-0.0000638
-0.0000601
-0.0000472
-0.0000363
-0.0000319
-0.0000455
-0.0000586
-0.0000680
-0.0000789
-0.0000836
-0.0000914
-0.0001017
-0.0001075
-0.0000982
-0.0000951
-0.0000693
-0.0000638
-0.0000648
-0.0000705
-0.0000764
-0.0000827
-0.0000924
-0.0000885
-0.0000840
-0.0000672
-0.0000632
-0.0000633
-0.0000758
-0.0000855
-0.0001061
-0.0001240
-0.0001290
-0.0001277
-0.0001254
-0.0001399
-0.0001433
-0.0001363
-0.0001254
-0.0001287
-0.0001444
-0.0001678
-0.0001933
-0.0001940
-0.0001838
-0.0001795
-0.0001836
-0.0001976
-0.0002118
-0.0002127
-0.0002191
-0.0002140
-0.0002008
-0.0001881
-0.0001712
-0.0001800
-0.0001833
-0.0001878
-0.0001908
-0.0001818
-0.0001606
-0.0001321
-0.0001093
-0.0000852
-0.0000639
-0.0000518
-0.0000485
-0.0000600
-0.0000614
-0.0000748
-0.0000740
-0.0000868
-0.0000871
-0.0000865
-0.0000889
-0.0000841
-0.0000806
-0.0000710
-0.0000648
-0.0000587
-0.0000470
-0.0000648
-0.0000631
-0.0000603
-0.0000531
-0.0000558
-0.0000536
-0.0000409
-0.0000393
-0.0000312
-0.0000147
-0.0000011
0.0000029
0.0000008
0.0000119
0.0000300
0.0000477
0.0000664
0.0000592
0.0000462
0.0000331
0.0000549
0.0000693
0.0000682
0.0000693
0.0000457
0.0000276
0.0000042
-0.0000187
-0.0000383
-0.0000460
-0.0000631
-0.0000887
-0.0001038
-0.0001207
-0.0001400
-0.0001661
-0.0001978
-0.0002034
-0.0002233
-0.0002218
-0.0002133
-0.0002087
-0.0001943
-0.0001852
-0.0001778
-0.0001947
-0.0001933
-0.0001927
-0.0001687
-0.0001428
-0.0001109
-0.0000866
-0.0000643
-0.0000320
-0.0000276
-0.0000172
-0.0000157
0.0000014
0.0000108
0.0000424
0.0000549
0.0000506
0.0000493
0.0000542
0.0000551
0.0000599
0.0000545
0.0000482
0.0000126
-0.0000269
-0.0000735
-0.0001095
-0.0001484
-0.0001662
-0.0001815
-0.0001973
-0.0002083
-0.0002083
-0.0002328
-0.0002656
-0.0002812
-0.0002954
-0.0003041
-0.0003057
-0.0003140
-0.0003102
-0.0003148
-0.0003105
-0.0003140
-0.0003248
-0.0003173
-0.0003042
-0.0002967
-0.0002937
-0.0002769
-0.0002671
-0.0002728
-0.0002915
-0.0003031
-0.0003146
-0.0003215
-0.0003346
-0.0003360
-0.0003556
-0.0003513
-0.0003415
-0.0003413
-0.0003375
-0.0003232
-0.0003186
-0.0003152
-0.0003012
-0.0002667
-0.0002280
-0.0001934
-0.0001894
-0.0001870
-0.0002011
-0.0002123
-0.0002177
-0.0002233
-0.0002217
-0.0002182
-0.0002174
-0.0001899
-0.0001893
-0.0001822
-0.0001759
-0.0001779
-0.0001747
-0.0001816
-0.0001867
-0.0001896
-0.0001947
-0.0001948
-0.0001721
-0.0001562
-0.0001192
-0.0000810
-0.0000533
-0.0000323
-0.0000331
-0.0000081
0.0000089
0.0000310
0.0000496
0.0000555
0.0000494
0.0000571
0.0000509
0.0000388
0.0000131
-0.0000278
-0.0000615
-0.0000843
-0.0001143
-0.0001340
-0.0001502
-0.0001706
-0.0001921
-0.0002061
-0.0002251
-0.0002261
-0.0002209
-0.0002263
-0.0002253
-0.0002189
-0.0002078
-0.0001985
-0.0001940
-0.0001759
-0.0001707
-0.0001830
-0.0001951
-0.0002096
-0.0002191
-0.0002319
-0.0002402
-0.0002397
-0.0002354
-0.0002446
-0.0002549
-0.0002551
-0.0002620
-0.0002642
-0.0002723
-0.0002660
-0.0002682
-0.0002708
-0.0002901
-0.0002963
-0.0003001
-0.0003039
-0.0002941
-0.0002841
-0.0002682
-0.0002535
-0.0002390
-0.0002296
-0.0002241
-0.0002267
-0.0002246
-0.0002173
-0.0001969
-0.0001781
-0.0001661
-0.0001704
-0.0001858
-0.0001803
-0.0001956
-0.0001803
-0.0001474
-0.0001122
-0.0000865
-0.0000687
-0.0000490
-0.0000382
-0.0000520
-0.0000815
-0.0001083
-0.0001333
-0.0001659
-0.0001959
-0.0002311
-0.0002578
-0.0002785
-0.0003034
-0.0003082
-0.0003079
-0.0002933
-0.0002919
-0.0002955
-0.0003075
-0.0003034
-0.0003063
-0.0003273
-0.0003387
-0.0003416
-0.0003324
-0.0003280
-0.0003219
-0.0003198
-0.0003190
-0.0003166
-0.0003019
-0.0003012
-0.0003038
-0.0002905
-0.0003010
-0.0003126
-0.0003274
-0.0003439
-0.0003649
-0.0003897
-0.0003997
-0.0004051
-0.0004100
-0.0004015
-0.0003869
-0.0003666
-0.0003498
-0.0003399
-0.0003414
-0.0003572
-0.0003628
-0.0003718
-0.0003874
-0.0003915
-0.0004188
-0.0004557
-0.0004920
-0.0005098
-0.0005262
-0.0005436
-0.0005543
-0.0005586
-0.0005443
-0.0005451
-0.0005510
-0.0005560
-0.0005479
-0.0005692
-0.0005700
-0.0005674
-0.0005660
-0.0005605
-0.0005593
-0.0005659
-0.0005704
-0.0005778
-0.0005841
-0.0005690
-0.0005627
-0.0005740
-0.0005675
-0.0005627
-0.0005583
-0.0005585
-0.0005414
-0.0005432
-0.0005578
-0.0005661
-0.0005556
-0.0005431
-0.0005402
-0.0005355
-0.0005432
-0.0005491
-0.0005563
-0.0005853
-0.0005940
-0.0006020
-0.0006113
-0.0006209
-0.0006100
-0.0005946
-0.0005747
-0.0005725
-0.0005791
-0.0005849
-0.0005845
-0.0005738
-0.0005636
-0.0005448
-0.0005259
-0.0005054
-0.0004827
-0.0004956
-0.0005095
-0.0005302
-0.0005286
-0.0005345
-0.0005194
-0.0005076
-0.0005051
-0.0005064
-0.0005141
-0.0005130
-0.0005131
-0.0004894
-0.0004706
-0.0004392
-0.0004065
-0.0003785
-0.0003527
-0.0003384
-0.0003257
-0.0003215
-0.0003049
-0.0003102
-0.0003227
-0.0003305
-0.0003370
-0.0003366
-0.0003467
-0.0003548
-0.0003409
-0.0003394
-0.0003438
-0.0003489
-0.0003486
-0.0003271
-0.0003287
-0.0003085
-0.0003027
-0.0002991
-0.0003047
-0.0003026
-0.0002886
-0.0002675
-0.0002594
-0.0002576
-0.0002481
-0.0002437
-0.0002486
-0.0002513
-0.0002523
-0.0002531
-0.0002685
-0.0002619
-0.0002565
-0.0002521
-0.0002504
-0.0002499
-0.0002561
-0.0002462
-0.0002445
-0.0002522
-0.0002530
-0.0002591
-0.0002691
-0.0002740
-0.0002675
-0.0002687
-0.0002618
-0.0002494
-0.0002228
-0.0002176
-0.0002325
-0.0002288
-0.0002373
-0.0002282
-0.0002131
-0.0002122
-0.0002095
-0.0002149
-0.0002112
-0.0001879
-0.0001780
-0.0001671
-0.0001381
-0.0001194
-0.0000980
-0.0000900
-0.0000938
-0.0000975
-0.0000991
-0.0000756
-0.0000795
-0.0000907
-0.0001071
-0.0001170
-0.0001300
-0.0001398
-0.0001507
-0.0001724
-0.0001912
-0.0001986
-0.0002061
-0.0001955
-0.0001811
-0.0001568
-0.0001272
-0.0001082
-0.0001102
-0.0000962
-0.0000890
-0.0000785
-0.0000518
-0.0000425
-0.0000524
-0.0000547
-0.0000528
-0.0000503
-0.0000519
-0.0000531
-0.0000499
-0.0000346
-0.0000324
-0.0000372
-0.0000372
-0.0000277
-0.0000065
0.0000021
0.0000138
0.0000381
0.0000386
0.0000153
-0.0000085
-0.0000207
-0.0000444
-0.0000662
-0.0000742
-0.0000731
-0.0000708
-0.0000806
-0.0000847
-0.0001009
-0.0000991
-0.0001056
-0.0001279
-0.0001485
-0.0001754
-0.0001995
-0.0002010
-0.0002103
-0.0002193
-0.0002396
-0.0002559
-0.0002636
-0.0002615
-0.0002745
-0.0003007
-0.0003116
-0.0003264
-0.0003346
-0.0003486
-0.0003613
-0.0003720
-0.0003753
-0.0003706
-0.0003669
-0.0003533
-0.0003237
-0.0002923
-0.0002831
-0.0002577
-0.0002526
-0.0002495
-0.0002442
-0.0002523
-0.0002489
-0.0002602
-0.0002627
-0.0002450
-0.0002291
-0.0002162
-0.0002058
-0.0002076
-0.0002141
-0.0002036
-0.0001735
-0.0001574
-0.0001347
-0.0001263
-0.0001322
-0.0001289
-0.0001170
-0.0001084
-0.0001132
-0.0001118
-0.0001052
-0.0001093
-0.0001137
-0.0001241
-0.0001167
-0.0001092
-0.0001096
-0.0001152
-0.0001084
-0.0001046
-0.0001023
-0.0001223
-0.0001449
-0.0001398
-0.0001193
-0.0001176
-0.0001067
-0.0001116
-0.0001277
-0.0001323
-0.0001266
-0.0001176
-0.0001193
-0.0000970
-0.0000675
-0.0000405
-0.0000280
-0.0000042
-0.0000061
-0.0000076
-0.0000275
-0.0000440
-0.0000496
-0.0000639
-0.0000600
-0.0000536
-0.0000369
-0.0000082
0.0000205
0.0000481
0.0000694
0.0001083
0.0001364
0.0001432
0.0001327
0.0001491
0.0001522
0.0001578
0.0001527
0.0001348
0.0001263
0.0001197
0.0001004
0.0000836
0.0000740
0.0000833
0.0000843
0.0000752
0.0000671
0.0000476
0.0000245
0.0000140
0.0000172
0.0000169
0.0000136
0.0000153
0.0000027
0.0000068
0.0000044
-0.0000033
-0.0000231
-0.0000369
-0.0000492
-0.0000492
-0.0000471
-0.0000467
-0.0000347
-0.0000062
0.0000099
0.0000221
0.0000331
0.0000472
0.0000442
0.0000456
0.0000726
0.0000918
0.0001029
0.0001111
0.0001006
0.0000906
0.0000867
0.0000659
0.0000574
0.0000353
0.0000189
0.0000090
-0.0000077
-0.0000199
-0.0000353
-0.0000485
-0.0000598
-0.0000653
-0.0000502
-0.0000130
0.0000204
0.0000419
0.0000516
0.0000606
0.0000743
0.0000771
0.0000702
0.0000795
0.0000749
0.0000643
0.0000559
0.0000688
0.0000652
0.0000817
0.0001081
0.0001348
0.0001652
0.0001982
0.0002313
0.0002312
0.0002259
0.0002157
0.0001911
0.0001703
0.0001777
0.0001793
0.0001736
0.0001585
0.0001143
0.0000732
0.0000556
0.0000390
0.0000389
0.0000201
-0.0000067
-0.0000216
-0.0000350
-0.0000460
-0.0000478
-0.0000392
-0.0000209
0.0000010
0.0000271
0.0000326
0.0000271
0.0000275
0.0000385
0.0000453
0.0000404
0.0000315
0.0000301
0.0000125
0.0000018
0.0000095
0.0000114
0.0000068
0.0000219
0.0000424
0.0000644
0.0001027
0.0001352
0.0001555
0.0001848
0.0002019
0.0001908
0.0001969
0.0002035
0.0002239
0.0002243
0.0002301
0.0002223
0.0001805
0.0001370
0.0001106
0.0000870
0.0000613
0.0000342
0.0000058
-0.0000259
-0.0000366
-0.0000487
-0.0000561
-0.0000475
-0.0000302
-0.0000178
-0.0000341
-0.0000546
-0.0000708
-0.0000601
-0.0000399
-0.0000365
-0.0000185
-0.0000073
-0.0000202
-0.0000157
0.0000011
0.0000041
0.0000111
0.0000076
-0.0000134
-0.0000309
-0.0000453
-0.0000573
-0.0000552
-0.0000511
-0.0000365
-0.0000228
-0.0000128
-0.0000023
0.0000033
0.0000180
0.0000216
0.0000282
0.0000345
0.0000289
0.0000182
-0.0000137
-0.0000400
-0.0000512
-0.0000494
-0.0000608
-0.0000748
-0.0000776
-0.0000953
-0.0001022
-0.0001089
-0.0001312
-0.0001388
-0.0001432
-0.0001542
-0.0001611
-0.0001824
-0.0002154
-0.0002430
-0.0002500
-0.0002363
-0.0002180
-0.0002125
-0.0001824
-0.0001637
-0.0001417
-0.0001249
-0.0001185
-0.0001174
-0.0001194
-0.0001130
-0.0000980
-0.0000792
-0.0000803
-0.0000810
-0.0000759
-0.0000596
-0.0000470
-0.0000325
-0.0000312
-0.0000348
-0.0000402
-0.0000547
-0.0000616
-0.0000740
-0.0000792
-0.0001013
-0.0001100
-0.0001260
-0.0001420
-0.0001624
-0.0001834
-0.0001854
-0.0001974
-0.0002048
-0.0001926
-0.0001912
-0.0001897
-0.0001719
-0.0001579
-0.0001350
-0.0001397
-0.0001460
-0.0001387
-0.0001214
-0.0001103
-0.0001204
-0.0001165
-0.0001034
-0.0000903
-0.0000906
-0.0000883
-0.0000692
-0.0000568
-0.0000521
-0.0000484
-0.0000349
-0.0000406
-0.0000384
-0.0000410
-0.0000323
-0.0000365
-0.0000387
-0.0000426
-0.0000425
-0.0000477
-0.0000512
-0.0000411
-0.0000487
-0.0000585
-0.0000671
-0.0000579
-0.0000655
-0.0000629
-0.0000716
-0.0000729
-0.0000606
-0.0000526
-0.0000420
-0.0000414
-0.0000511
-0.0000570
-0.0000518
-0.0000350
-0.0000335
-0.0000387
-0.0000489
-0.0000676
-0.0000806
-0.0000978
-0.0001084
-0.0001154
-0.0001253
-0.0001331
-0.0001286
-0.0001305
-0.0001171
-0.0001240
-0.0001415
-0.0001255
-0.0001326
-0.0001307
-0.0001078
-0.0000933
-0.0000874
-0.0000665
-0.0000691
-0.0000787
-0.0000913
-0.0000972
-0.0001040
-0.0001095
-0.0001281
-0.0001577
-0.0001870
-0.0001840
-0.0001836
-0.0001905
-0.0002119
-0.0002279
-0.0002625
-0.0002800
-0.0002863
-0.0002986
-0.0003108
-0.0002988
-0.0002997
-0.0002936
-0.0002823
-0.0002588
-0.0002436
-0.0002068
-0.0001700
-0.0001412
-0.0001039
-0.0000841
-0.0000663
-0.0000539
-0.0000392
-0.0000521
-0.0000597
-0.0000645
-0.0000782
-0.0000790
-0.0000710
-0.0000703
-0.0000681
-0.0000746
-0.0000752
-0.0000837
-0.0001018
-0.0001200
-0.0001391
-0.0001649
-0.0002022
-0.0002291
-0.0002432
-0.0002469
-0.0002403
-0.0002462
-0.0002511
-0.0002543
-0.0002514
-0.0002556
-0.0002504
-0.0002553
-0.0002630
-0.0002678
-0.0002749
-0.0002666
-0.0002474
-0.0002121
-0.0001982
-0.0001970
-0.0001942
-0.0001868
-0.0001813
-0.0001590
-0.0001554
-0.0001599
-0.0001526
-0.0001708
-0.0001871
-0.0001970
-0.0002018
-0.0002091
-0.0002133
-0.0002179
-0.0001866
-0.0001661
-0.0001704
-0.0001696
-0.0001756
-0.0001871
-0.0001897
-0.0001867
-0.0001719
-0.0001536
-0.0001307
-0.0001158
-0.0001127
-0.0001160
-0.0001250
-0.0001319
-0.0001400
-0.0001613
-0.0001781
-0.0001798
-0.0001885
-0.0001919
-0.0002113
-0.0002370
-0.0002521
-0.0002615
-0.0002721
-0.0002670
-0.0002700
-0.0002704
-0.0002676
-0.0002663
-0.0002864
-0.0002959
-0.0002961
-0.0002976
-0.0002921
-0.0002946
-0.0002979
-0.0003023
-0.0003019
-0.0002843
-0.0002822
-0.0002773
-0.0002654
-0.0002519
-0.0002451
-0.0002353
-0.0002287
-0.0002335
-0.0002469
-0.0002647
-0.0002786
-0.0002786
-0.0002829
-0.0002718
-0.0002717
-0.0002942
-0.0003168
-0.0003281
-0.0003425
-0.0003489
-0.0003536
-0.0003673
-0.0003751
-0.0003710
-0.0003614
-0.0003539
-0.0003540
-0.0003523
-0.0003358
-0.0003102
-0.0002870
-0.0002791
-0.0002740
-0.0002772
-0.0002863
-0.0002835
-0.0002825
-0.0002741
-0.0002713
-0.0002809
-0.0002850
-0.0002720
-0.0002638
-0.0002496
-0.0002544
-0.0002547
-0.0002545
-0.0002613
-0.0002541
-0.0002521
-0.0002362
-0.0002174
-0.0002037
-0.0002173
-0.0002288
-0.0002373
-0.0002329
-0.0002433
-0.0002303
-0.0002159
-0.0002036
-0.0001930
-0.0001640
-0.0001453
-0.0001462
-0.0001449
-0.0001505
-0.0001627
-0.0001522
-0.0001532
-0.0001529
-0.0001398
-0.0001335
-0.0001330
-0.0001160
-0.0000962
-0.0000773
-0.0000505
-0.0000319
-0.0000249
-0.0000098
0.0000122
0.0000529
0.0000903
0.0001050
0.0001131
0.0001226
0.0001368
0.0001336
0.0001151
0.0001087
0.0001151
0.0001066
0.0000994
0.0000911
0.0000649
0.0000459
0.0000490
0.0000319
0.0000206
0.0000191
0.0000236
0.0000398
0.0000429
0.0000488
0.0000520
0.0000615
0.0000785
0.0000953
0.0000984
0.0001131
0.0001127
0.0001031
0.0000966
0.0000876
0.0000733
0.0000463
0.0000300
0.0000183
0.0000111
-0.0000074
-0.0000260
-0.0000263
-0.0000354
-0.0000575
-0.0000775
-0.0000738
-0.0000771
-0.0000826
-0.0000765
-0.0000656
-0.0000585
-0.0000515
-0.0000535
-0.0000483
-0.0000465
-0.0000597
-0.0000753
-0.0000698
-0.0000442
-0.0000528
-0.0000687
-0.0000861
-0.0001011
-0.0000988
-0.0001145
-0.0001139
-0.0000982
-0.0000883
-0.0000770
-0.0000744
-0.0000702
-0.0000750
-0.0000897
-0.0000961
-0.0000919
-0.0000928
-0.0000935
-0.0000893
-0.0000865
-0.0000788
-0.0000766
-0.0001002
-0.0001179
-0.0001066
-0.0000834
-0.0000781
-0.0000777
-0.0000713
-0.0000535
-0.0000295
-0.0000085
0.0000075
0.0000093
0.0000037
-0.0000048
-0.0000204
-0.0000430
-0.0000650
-0.0000820
-0.0000790
-0.0000792
-0.0000800
-0.0000921
-0.0000935
-0.0000959
-0.0000957
-0.0000875
-0.0000636
-0.0000610
-0.0000680
-0.0000832
-0.0000822
-0.0000792
-0.0000678
-0.0000549
-0.0000634
-0.0000739
-0.0000995
-0.0001604
-0.0002090
-0.0002564
-0.0002772
-0.0002870
-0.0002896
-0.0002926
-0.0002736
-0.0002435
-0.0002149
-0.0002097
-0.0002139
-0.0002183
-0.0002078
-0.0002200
-0.0002220
-0.0002194
-0.0002199
-0.0002015
-0.0002009
-0.0002146
-0.0002261
-0.0002412
-0.0002489
-0.0002527
-0.0002401
-0.0002370
-0.0002331
-0.0002464
-0.0002523
-0.0002476
-0.0002499
-0.0002423
-0.0002325
-0.0002269
-0.0002343
-0.0002461
-0.0002496
-0.0002575
-0.0002555
-0.0002542
-0.0002628
-0.0002711
-0.0002920
-0.0003237
-0.0003317
-0.0003206
-0.0003193
-0.0003310
-0.0003326
-0.0003207
-0.0003094
-0.0002939
-0.0002683
-0.0002658
-0.0002582
-0.0002591
-0.0002596
-0.0002447
-0.0002323
-0.0002020
-0.0001853
-0.0001781
-0.0001770
-0.0001732
-0.0001713
-0.0001811
-0.0001968
-0.0001882
-0.0001686
-0.0001353
-0.0000884
-0.0000606
-0.0000390
-0.0000075
0.0000078
0.0000150
0.0000285
0.0000389
0.0000513
0.0000336
0.0000168
0.0000039
-0.0000050
-0.0000168
-0.0000154
-0.0000241
-0.0000325
-0.0000347
-0.0000298
-0.0000306
-0.0000177
0.0000020
0.0000039
-0.0000008
-0.0000031
-0.0000106
-0.0000258
-0.0000502
-0.0000781
-0.0001235
-0.0001216
-0.0001225
-0.0001063
-0.0000988
-0.0001106
-0.0001136
-0.0001292
-0.0001512
-0.0001760
-0.0002101
-0.0002280
-0.0002399
-0.0002532
-0.0002323
-0.0002311
-0.0002300
-0.0002260
-0.0002324
-0.0002289
-0.0002330
-0.0002325
-0.0002432
-0.0002575
-0.0002533
-0.0002594
-0.0002767
-0.0002880
-0.0003014
-0.0003140
-0.0003322
-0.0003486
-0.0003686
-0.0003708
-0.0003621
-0.0003589
-0.0003671
-0.0003877
-0.0004157
-0.0004372
-0.0004447
-0.0004537
-0.0004498
-0.0004407
-0.0004355
-0.0004443
-0.0004370
-0.0004280
-0.0004336
-0.0004394
-0.0004344
-0.0004436
-0.0004371
-0.0004485
-0.0004680
-0.0004844
-0.0004929
-0.0004847
-0.0004647
-0.0004424
-0.0004289
-0.0004120
-0.0004150
-0.0003934
-0.0003764
-0.0003647
-0.0003704
-0.0003800
-0.0003942
-0.0004220
-0.0004470
-0.0004829
-0.0004934
-0.0004871
-0.0004873
-0.0004663
-0.0004405
-0.0004173
-0.0004045
-0.0003965
-0.0003798
-0.0003905
-0.0003860
-0.0003816
-0.0003710
-0.0003592
-0.0003632
-0.0003697
-0.0003858
-0.0004117
-0.0004346
-0.0004424
-0.0004353
-0.0004226
-0.0004232
-0.0004288
-0.0004203
-0.0003998
-0.0003779
-0.0003458
-0.0002918
-0.0002715
-0.0002593
-0.0002510
-0.0002457
-0.0002415
-0.0002522
-0.0002447
-0.0002438
-0.0002217
-0.0001978
-0.0001982
-0.0002038
-0.0002167
-0.0002078
-0.0001889
-0.0001986
-0.0002209
-0.0002360
-0.0002415
-0.0002569
-0.0002554
-0.0002560
-0.0002513
-0.0002684
-0.0002739
-0.0002893
-0.0002814
-0.0002633
-0.0002546
-0.0002469
-0.0002355
-0.0002312
-0.0002432
-0.0002201
-0.0002128
-0.0002112
-0.0002017
-0.0001964
-0.0001933
-0.0001775
-0.0001690
-0.0001699
-0.0001617
-0.0001568
-0.0001470
-0.0001369
-0.0001197
-0.0001100
-0.0001053
-0.0000912
-0.0000831
-0.0000744
-0.0000552
-0.0000467
-0.0000412
-0.0000616
-0.0000731
-0.0000740
-0.0000826
-0.0000898
-0.0000932
-0.0001125
-0.0001523
-0.0001870
-0.0002164
-0.0002470
-0.0002552
-0.0002488
-0.0002379
-0.0002387
-0.0002470
-0.0002500
-0.0002573
-0.0002535
-0.0002566
-0.0002730
-0.0002972
-0.0003118
-0.0003089
-0.0003153
-0.0003131
-0.0003155
-0.0003168
-0.0003249
-0.0003179
-0.0002973
-0.0002865
-0.0002876
-0.0002808
-0.0002845
-0.0002949
-0.0003004
-0.0003068
-0.0003212
-0.0003353
-0.0003449
-0.0003629
-0.0003988
-0.0004307
-0.0004653
-0.0004920
-0.0004985
-0.0004969
-0.0005075
-0.0005080
-0.0005074
-0.0005164
-0.0005207
-0.0005264
-0.0005447
-0.0005630
-0.0005702
-0.0005680
-0.0005534
-0.0005424
-0.0005347
-0.0005130
-0.0005183
-0.0005368
-0.0005406
-0.0005599
-0.0005628
-0.0005665
-0.0005761
-0.0005518
-0.0005241
-0.0005268
-0.0005173
-0.0005267
-0.0005671
-0.0005986
-0.0006100
-0.0005976
-0.0006036
-0.0006224
-0.0006344
-0.0006613
-0.0006598
-0.0006502
-0.0006313
-0.0006221
-0.0006257
-0.0006378
-0.0006100
-0.0005835
-0.0005810
-0.0005859
-0.0005912
-0.0005940
-0.0006015
-0.0006047
-0.0006063
-0.0006120
-0.0006131
-0.0006056
-0.0005914
-0.0005924
-0.0005838
-0.0005815
-0.0005741
-0.0005675
-0.0005612
-0.0005464
-0.0005228
-0.0005109
-0.0004938
-0.0004871
-0.0004672
-0.0004512
-0.0004334
-0.0004164
-0.0003902
-0.0003743
-0.0003770
-0.0003697
-0.0003573
-0.0003284
-0.0002995
-0.0002799
-0.0002616
-0.0002522
-0.0002395
-0.0002380
-0.0002518
-0.0002733
-0.0003029
-0.0003204
-0.0003240
-0.0003169
-0.0003103
-0.0002906
-0.0002762
-0.0002603
-0.0002486
-0.0002667
-0.0002682
-0.0002760
-0.0002802
-0.0002869
-0.0002965
-0.0003103
-0.0003070
-0.0002953
-0.0002766
-0.0002777
-0.0002777
-0.0002727
-0.0002752
-0.0002748
-0.0002641
-0.0002739
-0.0002760
-0.0002793
-0.0002825
-0.0002913
-0.0002911
-0.0002826
-0.0002819
-0.0002712
-0.0002557
-0.0002531
-0.0002497
-0.0002608
-0.0002603
-0.0002633
-0.0002721
-0.0002820
-0.0002809
-0.0002888
-0.0002913
-0.0003013
-0.0003171
-0.0003096
-0.0003237
-0.0003389
-0.0003437
-0.0003399
-0.0003349
-0.0003315
-0.0003423
-0.0003602
-0.0003737
-0.0003615
-0.0003609
-0.0003791
-0.0004015
-0.0004287
-0.0004481
-0.0004665
-0.0004948
-0.0005120
-0.0005279
-0.0005449
-0.0005492
-0.0005537
-0.0005470
-0.0005449
-0.0005228
-0.0005117
-0.0004976
-0.0004991
-0.0005088
-0.0005199
-0.0005240
-0.0005382
-0.0005302
-0.0005173
-0.0005053
-0.0005099
-0.0005162
-0.0005189
-0.0005107
-0.0005117
-0.0004895
-0.0004679
-0.0004470
-0.0004438
-0.0004383
-0.0004359
-0.0004179
-0.0004049
-0.0003878
-0.0003762
-0.0003786
-0.0003704
-0.0003799
-0.0003876
-0.0003907
-0.0003979
-0.0004141
-0.0004423
-0.0004664
-0.0004911
-0.0005175
-0.0005505
-0.0005680
-0.0005770
-0.0005875
-0.0005854
-0.0005940
-0.0005980
-0.0006165
-0.0006248
-0.0006396
-0.0006649
-0.0006981
-0.0007305
-0.0007527
-0.0007509
-0.0007630
-0.0007830
-0.0007912
-0.0007888
-0.0007764
-0.0007597
-0.0007560
-0.0007479
-0.0007503
-0.0007446
-0.0007263
-0.0007092
-0.0007086
-0.0007095
-0.0007026
-0.0006805
-0.0006572
-0.0006446
-0.0006558
-0.0006573
-0.0006590
-0.0006633
-0.0006620
-0.0006663
-0.0006623
-0.0006616
-0.0006423
-0.0006211
-0.0006249
-0.0006162
-0.0006174
-0.0006091
-0.0006006
-0.0005911
-0.0005874
-0.0005885
-0.0005917
-0.0005894
-0.0005965
-0.0006087
-0.0005930
-0.0005838
-0.0005793
-0.0005917
-0.0005918
-0.0005923
-0.0005799
-0.0005678
-0.0005709
-0.0005632
-0.0005513
-0.0005465
-0.0005590
-0.0005708
-0.0005966
-0.0006286
-0.0006613
-0.0006844
-0.0007162
-0.0007270
-0.0007365
-0.0007468
-0.0007588
-0.0007827
-0.0007891
-0.0007919
-0.0007884
-0.0007881
-0.0007872
-0.0007921
-0.0007948
-0.0008017
-0.0007875
-0.0007967
-0.0008049
-0.0008139
-0.0008166
-0.0008191
-0.0008173
-0.0008171
-0.0008212
-0.0008430
-0.0008549
-0.0008504
-0.0008479
-0.0008332
-0.0008033
-0.0008024
-0.0007980
-0.0008195
-0.0008308
-0.0008303
-0.0008168
-0.0008087
-0.0008074
-0.0008051
-0.0008023
-0.0007932
-0.0007941
-0.0007869
-0.0007730
-0.0007766
-0.0007814
-0.0007803
-0.0007885
-0.0007766
-0.0007828
-0.0007932
-0.0007934
-0.0007967
-0.0008037
-0.0008065
-0.0008239
-0.0008264
-0.0008220
-0.0008285
-0.0008438
-0.0008501
-0.0008583
-0.0008665
-0.0008676
-0.0008514
-0.0008404
-0.0008230
-0.0008155
-0.0008111
-0.0008096
-0.0008253
-0.0008234
-0.0008167
-0.0008184
-0.0008158
-0.0008077
-0.0008038
-0.0007916
-0.0008083
-0.0008219
-0.0008296
-0.0008375
-0.0008637
-0.0008920
-0.0009111
-0.0009189
-0.0009039
-0.0008947
-0.0008854
-0.0008848
-0.0008591
-0.0008539
-0.0008660
-0.0008858
-0.0009016
-0.0009036
-0.0009029
-0.0008898
-0.0008783
-0.0008648
-0.0008480
-0.0008239
-0.0008086
-0.0007957
-0.0008088
-0.0008164
-0.0008280
-0.0008526
-0.0008919
-0.0009220
-0.0009502
-0.0009744
-0.0009809
-0.0009882
-0.0009801
-0.0009824
-0.0009881
-0.0009713
-0.0009627
-0.0009764
-0.0010003
-0.0010059
-0.0010273
-0.0010279
-0.0010363
-0.0010364
-0.0010411
-0.0010312
-0.0010157
-0.0009929
-0.0009835
-0.0009784
-0.0009673
-0.0009689
-0.0009651
-0.0009763
-0.0009783
-0.0009886
-0.0009926
-0.0009802
-0.0009714
-0.0009602
-0.0009462
-0.0009338
-0.0009211
-0.0009084
-0.0009062
-0.0009081
-0.0009175
-0.0009049
-0.0009154
-0.0008976
-0.0008982
-0.0009178
-0.0009406
-0.0009512
-0.0009566
-0.0009578
-0.0009734
-0.0009825
-0.0010053
-0.0010289
-0.0010541
-0.0010711
-0.0010718
-0.0010687
-0.0010621
-0.0010606
-0.0010495
-0.0010595
-0.0010551
-0.0010660
-0.0010613
-0.0010431
-0.0010238
-0.0010119
-0.0009823
-0.0009830
-0.0009811
-0.0009719
-0.0009687
-0.0009642
-0.0009587
-0.0009631
-0.0009538
-0.0009533
-0.0009561
-0.0009554
-0.0009613
-0.0009793
-0.0009903
-0.0009987
-0.0010029
-0.0010071
-0.0010052
-0.0009985
-0.0009904
-0.0009876
-0.0009884
-0.0009996
-0.0010035
-0.0009955
-0.0009768
-0.0009684
-0.0009594
-0.0009510
-0.0009524
-0.0009558
-0.0009604
-0.0009625
-0.0009711
-0.0009537
-0.0009471
-0.0009544
-0.0009625
-0.0009660
-0.0009764
-0.0010022
-0.0010296
-0.0010531
-0.0010704
-0.0010786
-0.0010837
-0.0010943
-0.0010929
-0.0010940
-0.0010975
-0.0011027
-0.0010808
-0.0010582
-0.0010425
-0.0010268
-0.0010098
-0.0009872
-0.0009730
-0.0009569
-0.0009507
-0.0009596
-0.0009562
-0.0009451
-0.0009346
-0.0009222
-0.0009097
-0.0008952
-0.0008953
-0.0008932
-0.0008782
-0.0008802
-0.0008787
-0.0008827
-0.0008738
-0.0008611
-0.0008378
-0.0008462
-0.0008661
-0.0008783
-0.0008824
-0.0008971
-0.0008947
-0.0008656
-0.0008581
-0.0008445
-0.0008291
-0.0008018
-0.0008023
-0.0008020
-0.0007856
-0.0007796
-0.0007762
-0.0007748
-0.0007875
-0.0008097
-0.0008163
-0.0008295
-0.0008357
-0.0008417
-0.0008587
-0.0008881
-0.0009087
-0.0009463
-0.0009736
-0.0009963
-0.0009940
-0.0009943
-0.0010035
-0.0009994
-0.0009972
-0.0009909
-0.0009962
-0.0009871
-0.0009819
-0.0009925
-0.0010027
-0.0010138
-0.0010134
-0.0010065
-0.0010031
-0.0009922
-0.0009831
-0.0009909
-0.0009978
-0.0010106
-0.0010097
-0.0010228
-0.0010473
-0.0010666
-0.0010657
-0.0010507
-0.0010185
-0.0010035
-0.0010099
-0.0010118
-0.0010009
-0.0010005
-0.0009991
-0.0009915
-0.0009839
-0.0009738
-0.0009719
-0.0009470
-0.0009234
-0.0008794
-0.0008614
-0.0008634
-0.0008879
-0.0008927
-0.0008942
-0.0008833
-0.0008642
-0.0008498
-0.0008361
-0.0008418
-0.0008463
-0.0008434
-0.0008326
-0.0008175
-0.0008280
-0.0008426
-0.0008590
-0.0008448
-0.0008398
-0.0008372
-0.0008578
-0.0008710
-0.0008931
-0.0009074
-0.0009111
-0.0009208
-0.0009301
-0.0009506
-0.0009540
-0.0009695
-0.0009639
-0.0009630
-0.0009491
-0.0009532
-0.0009568
-0.0009521
-0.0009551
-0.0009490
-0.0009315
-0.0009089
-0.0009012
-0.0008873
-0.0008813
-0.0008684
-0.0008477
-0.0008417
-0.0008472
-0.0008479
-0.0008634
-0.0008857
-0.0008889
-0.0008731
-0.0008718
-0.0008776
-0.0008697
-0.0008580
-0.0008519
-0.0008545
-0.0008614
-0.0008725
-0.0008818
-0.0008803
-0.0008620
-0.0008532
-0.0008519
-0.0008518
-0.0008510
-0.0008428
-0.0008262
-0.0008151
-0.0007993
-0.0007847
-0.0007783
-0.0007753
-0.0007831
-0.0007781
-0.0007628
-0.0007361
-0.0007115
-0.0006928
-0.0006675
-0.0006469
-0.0006311
-0.0006092
-0.0006035
-0.0005864
-0.0005753
-0.0006072
-0.0006111
-0.0006475
-0.0006768
-0.0007005
-0.0007120
-0.0007383
-0.0007540
-0.0007695
-0.0007574
-0.0007690
-0.0007610
-0.0007425
-0.0007378
-0.0007286
-0.0007030
-0.0006929
-0.0006784
-0.0006631
-0.0006606
-0.0006455
-0.0006441
-0.0006255
-0.0006136
-0.0006082
-0.0005936
-0.0005731
-0.0005693
-0.0005686
-0.0005783
-0.0006056
-0.0006410
-0.0006528
-0.0006583
-0.0006636
-0.0006672
-0.0006759
-0.0006912
-0.0006958
-0.0006882
-0.0006992
-0.0007149
-0.0007323
-0.0007583
-0.0007839
-0.0008024
-0.0008361
-0.0008419
-0.0008329
-0.0008171
-0.0008005
-0.0007832
-0.0007795
-0.0007789
-0.0007787
-0.0007765
-0.0007552
-0.0007380
-0.0007506
-0.0007451
-0.0007484
-0.0007443
-0.0007438
-0.0007633
-0.0007718
-0.0007783
-0.0007800
-0.0008004
-0.0007955
-0.0007895
-0.0007930
-0.0008012
-0.0007963
-0.0007927
-0.0007890
-0.0007971
-0.0008193
-0.0008204
-0.0008233
-0.0008324
-0.0008434
-0.0008550
-0.0008829
-0.0008955
-0.0009099
-0.0009162
-0.0009315
-0.0009463
-0.0009603
-0.0009627
-0.0009542
-0.0009469
-0.0009428
-0.0009230
-0.0009161
-0.0009206
-0.0009045
-0.0008813
-0.0008586
-0.0008202
-0.0007974
-0.0007846
-0.0007605
-0.0007404
-0.0007259
-0.0006985
-0.0006771
-0.0006543
-0.0006715
-0.0006853
-0.0006836
-0.0006830
-0.0007004
-0.0007141
-0.0007185
-0.0007090
-0.0006961
-0.0006957
-0.0006825
-0.0006616
-0.0006594
-0.0006464
-0.0006390
-0.0006388
-0.0006288
-0.0006155
-0.0006038
-0.0005854
-0.0005807
-0.0005788
-0.0005887
-0.0005918
-0.0005864
-0.0005720
-0.0005685
-0.0005703
-0.0005607
-0.0005523
-0.0005385
-0.0005225
-0.0005133
-0.0005102
-0.0004950
-0.0004832
-0.0004811
-0.0004846
-0.0004801
-0.0004926
-0.0004924
-0.0004954
-0.0005050
-0.0005152
-0.0005311
-0.0005212
-0.0005371
-0.0005371
-0.0005344
-0.0005216
-0.0005122
-0.0005143
-0.0005280
-0.0005319
-0.0005299
-0.0005328
-0.0005283
-0.0005033
-0.0004789
-0.0004546
-0.0004243
-0.0004164
-0.0003877
-0.0003576
-0.0003382
-0.0003353
-0.0003410
-0.0003525
-0.0003570
-0.0003457
-0.0003551
-0.0003815
-0.0003976
-0.0004040
-0.0004055
-0.0003632
-0.0003241
-0.0002872
-0.0002632
-0.0002406
-0.0002375
-0.0002193
-0.0002165
-0.0002220
-0.0002350
-0.0002367
-0.0002418
-0.0002369
-0.0002413
-0.0002505
-0.0002384
-0.0002501
-0.0002519
-0.0002471
-0.0002520
-0.0002536
-0.0002676
-0.0002870
-0.0002899
-0.0002920
-0.0002936
-0.0002997
-0.0003163
-0.0003294
-0.0003368
-0.0003424
-0.0003487
-0.0003602
-0.0003438
-0.0003263
-0.0003053
-0.0002992
-0.0002969
-0.0002926
-0.0003117
-0.0002968
-0.0002893
-0.0002627
-0.0002451
-0.0002440
-0.0002436
-0.0002222
-0.0002085
-0.0001857
-0.0001458
-0.0001190
-0.0001152
-0.0001154
-0.0001121
-0.0000822
-0.0000572
-0.0000638
-0.0000570
-0.0000519
-0.0000571
-0.0000657
-0.0000571
-0.0000622
-0.0000639
-0.0000722
-0.0000843
-0.0000988
-0.0000929
-0.0000969
-0.0000976
-0.0001027
-0.0001047
-0.0001303
-0.0001577
-0.0001674
-0.0001640
-0.0001739
-0.0001839
-0.0001932
-0.0001978
-0.0002182
-0.0002280
-0.0002350
-0.0002713
-0.0002940
-0.0003130
-0.0003362
-0.0003595
-0.0003737
-0.0003879
-0.0004005
-0.0004300
-0.0004452
-0.0004593
-0.0004584
-0.0004553
-0.0004569
-0.0004676
-0.0004622
-0.0004530
-0.0004487
-0.0004551
-0.0004643
-0.0004760
-0.0004896
-0.0005069
-0.0005017
-0.0005000
-0.0005080
-0.0005096
-0.0005265
-0.0005346
-0.0005329
-0.0005439
-0.0005520
-0.0005625
-0.0005692
-0.0005669
-0.0005645
-0.0005555
-0.0005587
-0.0005834
-0.0005787
-0.0005586
-0.0005560
-0.0005376
-0.0005245
-0.0005242
-0.0005281
-0.0005336
-0.0005377
-0.0005405
-0.0005291
-0.0005071
-0.0004787
-0.0004460
-0.0004440
-0.0004365
-0.0004286
-0.0004315
-0.0004364
-0.0004398
-0.0004464
-0.0004604
-0.0004568
-0.0004727
-0.0004803
-0.0004812
-0.0004957
-0.0005023
-0.0004986
-0.0004983
-0.0005156
-0.0005358
-0.0005567
-0.0005627
-0.0005758
-0.0005696
-0.0005611
-0.0005429
-0.0005271
-0.0005102
-0.0005181
-0.0005172
-0.0005173
-0.0005213
-0.0005218
-0.0005289
-0.0005325
-0.0005418
-0.0005395
-0.0005325
-0.0005325
-0.0005484
-0.0005535
-0.0005548
-0.0005506
-0.0005497
-0.0005603
-0.0005697
-0.0005732
-0.0005738
-0.0005890
-0.0005843
-0.0005930
-0.0005945
-0.0006020
-0.0006147
-0.0006302
-0.0006437
-0.0006450
-0.0006309
-0.0006232
-0.0006007
-0.0005825
-0.0005690
-0.0005615
-0.0005539
-0.0005608
-0.0005704
-0.0005660
-0.0005602
-0.0005487
-0.0005564
-0.0005492
-0.0005344
-0.0005130
-0.0004997
-0.0004927
-0.0004821
-0.0004737
-0.0004504
-0.0004269
-0.0003869
-0.0003613
-0.0003377
-0.0003289
-0.0003329
-0.0003332
-0.0003395
-0.0003542
-0.0003604
-0.0003681
-0.0003892
-0.0004048
-0.0004012
-0.0004046
-0.0003922
-0.0003751
-0.0003600
-0.0003321
-0.0003284
-0.0003490
-0.0003922
-0.0004173
-0.0004238
-0.0004142
-0.0004098
-0.0004090
-0.0003872
-0.0003771
-0.0003741
-0.0003907
-0.0004183
-0.0004394
-0.0004490
-0.0004572
-0.0004713
-0.0004917
-0.0004977
-0.0005084
-0.0005228
-0.0005540
-0.0005850
-0.0006099
-0.0006214
-0.0006360
-0.0006331
-0.0006399
-0.0006426
-0.0006331
-0.0006313
-0.0006305
-0.0006298
-0.0006072
-0.0006014
-0.0006026
-0.0005822
-0.0005401
-0.0005042
-0.0004755
-0.0004494
-0.0004511
-0.0004568
-0.0004766
-0.0004916
-0.0004794
-0.0004781
-0.0004858
-0.0004931
-0.0004916
-0.0004885
-0.0004952
-0.0004934
-0.0004794
-0.0004643
-0.0004429
-0.0004062
-0.0003891
-0.0003800
-0.0003918
-0.0003934
-0.0004029
-0.0004159
-0.0004213
-0.0004191
-0.0004235
-0.0004286
-0.0004278
-0.0004117
-0.0004086
-0.0003944
-0.0003814
-0.0003566
-0.0003401
-0.0003259
-0.0003198
-0.0003070
-0.0002859
-0.0002739
-0.0002748
-0.0002902
-0.0002907
-0.0003200
-0.0003469
-0.0003372
-0.0003335
-0.0003318
-0.0003242
-0.0003004
-0.0002778
-0.0002627
-0.0002441
-0.0002503
-0.0002640
-0.0002753
-0.0002727
-0.0002823
-0.0002679
-0.0002416
-0.0002176
-0.0001876
-0.0001585
-0.0001336
-0.0001161
-0.0001172
-0.0001280
-0.0001217
-0.0001413
-0.0001491
-0.0001597
-0.0001605
-0.0001541
-0.0001634
-0.0001597
-0.0001607
-0.0001669
-0.0001764
-0.0001684
-0.0001718
-0.0002019
-0.0002164
-0.0002223
-0.0002133
-0.0001849
-0.0001724
-0.0001572
-0.0001367
-0.0001316
-0.0001154
-0.0001090
-0.0001007
-0.0000978
-0.0000990
-0.0001100
-0.0001256
-0.0001398
-0.0001717
-0.0001969
-0.0002133
-0.0002060
-0.0001972
-0.0001876
-0.0001866
-0.0001847
-0.0001768
-0.0001694
-0.0001702
-0.0001683
-0.0001723
-0.0001775
-0.0001948
-0.0002059
-0.0002128
-0.0002334
-0.0002449
-0.0002533
-0.0002694
-0.0003008
-0.0003305
-0.0003689
-0.0003912
-0.0003958
-0.0003946
-0.0003966
-0.0003905
-0.0004006
-0.0004027
-0.0003980
-0.0004074
-0.0004043
-0.0004129
-0.0004301
-0.0004410
-0.0004582
-0.0004725
-0.0005015
-0.0005261
-0.0005348
-0.0005444
-0.0005584
-0.0005603
-0.0005793
-0.0005996
-0.0006102
-0.0006360
-0.0006753
-0.0006921
-0.0006934
-0.0006797
-0.0006596
-0.0006397
-0.0006434
-0.0006566
-0.0006561
-0.0006417
-0.0006288
-0.0006371
-0.0006423
-0.0006404
-0.0006407
-0.0006509
-0.0006634
-0.0006847
-0.0006907
-0.0006877
-0.0006796
-0.0006781
-0.0006762
-0.0006617
-0.0006659
-0.0006681
-0.0006672
-0.0006618
-0.0006569
-0.0006798
-0.0007036
-0.0007180
-0.0007428
-0.0007544
-0.0007587
-0.0007902
-0.0008065
-0.0007983
-0.0007918
-0.0007903
-0.0007719
-0.0007559
-0.0007429
-0.0007295
-0.0007092
-0.0006992
-0.0006948
-0.0006682
-0.0006408
-0.0006275
-0.0006004
-0.0005755
-0.0005508
-0.0005151
-0.0004741
-0.0004528
-0.0004291
-0.0004113
-0.0003960
-0.0003892
-0.0003794
-0.0003838
-0.0003977
-0.0004139
-0.0004274
-0.0004531
-0.0004685
-0.0004931
-0.0005006
-0.0005069
-0.0005343
-0.0005648
-0.0005864
-0.0005968
-0.0005928
-0.0005962
-0.0005920
-0.0005874
-0.0005867
-0.0005863
-0.0005816
-0.0005764
-0.0005855
-0.0005781
-0.0005961
-0.0006074
-0.0005909
-0.0005732
-0.0005624
-0.0005597
-0.0005828
-0.0005866
-0.0005947
-0.0006144
-0.0006354
-0.0006559
-0.0006625
-0.0006638
-0.0006875
-0.0007065
-0.0007027
-0.0006969
-0.0007002
-0.0007092
-0.0007013
-0.0007058
-0.0007094
-0.0007119
-0.0007291
-0.0007441
-0.0007474
-0.0007485
-0.0007374
-0.0007243
-0.0007180
-0.0007212
-0.0007228
-0.0007464
-0.0007581
-0.0007514
-0.0007531
-0.0007575
-0.0007532
-0.0007456
-0.0007600
-0.0007648
-0.0007710
-0.0007795
-0.0007831
-0.0007731
-0.0007819
-0.0007861
-0.0007865
-0.0007821
-0.0007770
-0.0007613
-0.0007524
-0.0007381
-0.0007369
-0.0007331
-0.0007371
-0.0007518
-0.0007673
-0.0007639
-0.0007642
-0.0007663
-0.0007620
-0.0007650
-0.0007728
-0.0007771
-0.0007812
-0.0007918
-0.0007825
-0.0007761
-0.0007651
-0.0007588
-0.0007573
-0.0007502
-0.0007582
-0.0007512
-0.0007465
-0.0007511
-0.0007708
-0.0007812
-0.0007927
-0.0008010
-0.0007932
-0.0007855
-0.0007892
-0.0008119
-0.0008174
-0.0008069
-0.0007992
-0.0007880
-0.0007855
-0.0007849
-0.0008077
-0.0008064
-0.0008008
-0.0007872
-0.0007710
-0.0007607
-0.0007508
-0.0007384
-0.0007331
-0.0007176
-0.0007009
-0.0006981
-0.0006990
-0.0007117
-0.0007446
-0.0007762
-0.0008009
-0.0008191
-0.0008567
-0.0008846
-0.0008941
-0.0008803
-0.0008622
-0.0008388
-0.0008403
-0.0008409
-0.0008451
-0.0008290
-0.0008122
-0.0008117
-0.0008189
-0.0008088
-0.0008080
-0.0008272
-0.0008439
-0.0008726
-0.0008851
-0.0008803
-0.0008764
-0.0008668
-0.0008535
-0.0008493
-0.0008427
-0.0008483
-0.0008501
-0.0008399
-0.0008093
-0.0007767
-0.0007565
-0.0007612
-0.0007642
-0.0007872
-0.0008221
-0.0008459
-0.0008555
-0.0008496
-0.0008291
-0.0007941
-0.0007778
-0.0007723
-0.0007503
-0.0007263
-0.0007219
-0.0007031
-0.0006839
-0.0006862
-0.0006787
-0.0006964
-0.0007254
-0.0007338
-0.0007487
-0.0007570
-0.0007543
-0.0007867
-0.0008123
-0.0008429
-0.0008815
-0.0009196
-0.0009391
-0.0009452
-0.0009496
-0.0009567
-0.0009531
-0.0009391
-0.0009134
-0.0008918
-0.0008807
-0.0008688
-0.0008585
-0.0008276
-0.0008170
-0.0008115
-0.0008030
-0.0007869
-0.0007800
-0.0007788
-0.0007743
-0.0007772
-0.0007750
-0.0007575
-0.0007498
-0.0007378
-0.0007540
-0.0007521
-0.0007716
-0.0007922
-0.0008058
-0.0008133
-0.0008097
-0.0008108
-0.0007862
-0.0007751
-0.0007723
-0.0007712
-0.0007769
-0.0007791
-0.0008036
-0.0008064
-0.0008124
-0.0008068
-0.0007900
-0.0007672
-0.0007466
-0.0007381
-0.0007109
-0.0006897
-0.0006834
-0.0006733
-0.0006690
-0.0006583
-0.0006538
-0.0006273
-0.0006188
-0.0006068
-0.0005936
-0.0005861
-0.0005791
-0.0005889
-0.0005987
-0.0005958
-0.0005976
-0.0006235
-0.0006387
-0.0006505
-0.0006338
-0.0006200
-0.0006252
-0.0006308
-0.0006475
-0.0006803
-0.0007068
-0.0007220
-0.0007136
-0.0007051
-0.0007051
-0.0007166
-0.0007327
-0.0007364
-0.0007445
-0.0007664
-0.0007725
-0.0007694
-0.0007666
-0.0007707
-0.0007811
-0.0007988
-0.0008192
-0.0008352
-0.0008494
-0.0008492
-0.0008543
-0.0008506
-0.0008451
-0.0008490
-0.0008504
-0.0008366
-0.0008148
-0.0007869
-0.0007698
-0.0007458
-0.0007133
-0.0006860
-0.0006575
-0.0006412
-0.0006267
-0.0006028
-0.0005867
-0.0005799
-0.0005712
-0.0005481
-0.0005412
-0.0005098
-0.0004891
-0.0004739
-0.0004710
-0.0004624
-0.0004499
-0.0004396
-0.0004266
-0.0004159
-0.0004024
-0.0004008
-0.0003918
-0.0003841
-0.0003747
-0.0003604
-0.0003661
-0.0003739
-0.0003670
-0.0003562
-0.0003516
-0.0003281
-0.0003112
-0.0003055
-0.0003066
-0.0003135
-0.0003314
-0.0003497
-0.0003608
-0.0003690
-0.0003712
-0.0003798
-0.0003808
-0.0003737
-0.0003521
-0.0003423
-0.0003438
-0.0003365
-0.0003204
-0.0003048
-0.0003079
-0.0003045
-0.0003061
-0.0002882
-0.0002711
-0.0002500
-0.0002418
-0.0002256
-0.0001970
-0.0001756
-0.0001608
-0.0001537
-0.0001552
-0.0001514
-0.0001447
-0.0001557
-0.0001756
-0.0001845
-0.0002017
-0.0002129
-0.0002066
-0.0002158
-0.0002431
-0.0002764
-0.0002998
-0.0003052
-0.0003138
-0.0003278
-0.0003462
-0.0003492
-0.0003583
-0.0003512
-0.0003441
-0.0003402
-0.0003345
-0.0003341
-0.0003180
-0.0003149
-0.0003101
-0.0003211
-0.0003195
-0.0003360
-0.0003560
-0.0003749
-0.0003801
-0.0003876
-0.0003868
-0.0003925
-0.0003911
-0.0003830
-0.0003723
-0.0003693
-0.0003623
-0.0003577
-0.0003529
-0.0003562
-0.0003499
-0.0003460
-0.0003547
-0.0003756
-0.0003880
-0.0004182
-0.0004375
-0.0004705
-0.0004919
-0.0005053
-0.0005212
-0.0005419
-0.0005489
-0.0005665
-0.0005912
-0.0006267
-0.0006447
-0.0006468
-0.0006547
-0.0006697
-0.0007035
-0.0006998
-0.0006823
-0.0006532
-0.0006439
-0.0006568
-0.0006539
-0.0006407
-0.0006142
-0.0005957
-0.0006000
-0.0006195
-0.0006332
-0.0006529
-0.0006712
-0.0006817
-0.0006978
-0.0007020
-0.0007023
-0.0007022
-0.0007067
-0.0007226
-0.0007309
-0.0007458
-0.0007248
-0.0007108
-0.0007063
-0.0007013
-0.0006916
-0.0006639
-0.0006612
-0.0006620
-0.0006652
-0.0006633
-0.0006751
-0.0006833
-0.0006657
-0.0006657
-0.0006810
-0.0007133
-0.0007380
-0.0007718
-0.0008008
-0.0008185
-0.0008351
-0.0008654
-0.0008955
-0.0009085
-0.0008953
-0.0008805
-0.0008873
-0.0008989
-0.0009086
-0.0009226
-0.0009143
-0.0009135
-0.0008967
-0.0008653
-0.0008503
-0.0008330
-0.0008229
-0.0008211
-0.0008299
-0.0008131
-0.0007787
-0.0007491
-0.0007542
-0.0007527
-0.0007473
-0.0007548
-0.0007306
-0.0007221
-0.0007120
-0.0007147
-0.0007345
-0.0007659
-0.0007775
-0.0007908
-0.0007949
-0.0008114
-0.0008192
-0.0008172
-0.0008259
-0.0008398
-0.0008570
-0.0008776
-0.0009049
-0.0009243
-0.0009484
-0.0009836
-0.0010122
-0.0010267
-0.0010156
-0.0010084
-0.0010038
-0.0009873
-0.0009726
-0.0009700
-0.0009669
-0.0009589
-0.0009627
-0.0009627
-0.0009603
-0.0009590
-0.0009668
-0.0009821
-0.0010000
-0.0010000
-0.0010055
-0.0010087
-0.0010182
