0.0272302
0.0265786
0.0259630
0.0253798
0.0248313
0.0243112
0.0238164
0.0233461
0.0229007
0.0224755
0.0220743
0.0216864
0.0213197
0.0209707
0.0206374
0.0203178
0.0200114
0.0197169
0.0194346
0.0191607
0.0189006
0.0186556
0.0184191
0.0181887
0.0179666
0.0177535
0.0175509
0.0173503
0.0171526
0.0169583
0.0167690
0.0165896
0.0164160
0.0162479
0.0160794
0.0159124
0.0157493
0.0155888
0.0154286
0.0152746
0.0151231
0.0149795
0.0148402
0.0147038
0.0145749
0.0144483
0.0143267
0.0142077
0.0140953
0.0139888
0.0138823
0.0137789
0.0136754
0.0135748
0.0134737
0.0133808
0.0132901
0.0132007
0.0131153
0.0130299
0.0129519
0.0128692
0.0127855
0.0127002
0.0126168
0.0125391
0.0124579
0.0123757
0.0122927
0.0122124
0.0121352
0.0120612
0.0119882
0.0119130
0.0118364
0.0117587
0.0116885
0.0116211
0.0115529
0.0114798
0.0114088
0.0113412
0.0112789
0.0112243
0.0111714
0.0111220
0.0110742
0.0110280
0.0109805
0.0109298
0.0108796
0.0108266
0.0107719
0.0107182
0.0106661
0.0106154
0.0105618
0.0105148
0.0104679
0.0104296
0.0103917
0.0103553
0.0103139
0.0102734
0.0102300
0.0101873
0.0101467
0.0101022
0.0100602
0.0100160
0.0099717
0.0099310
0.0098929
0.0098561
0.0098232
0.0097885
0.0097557
0.0097203
0.0096822
0.0096418
0.0096090
0.0095743
0.0095442
0.0095128
0.0094824
0.0094502
0.0094196
0.0093894
0.0093583
0.0093276
0.0093004
0.0092719
0.0092406
0.0092127
0.0091858
0.0091606
0.0091329
0.0091038
0.0090760
0.0090487
0.0090222
0.0089920
0.0089597
0.0089262
0.0088894
0.0088539
0.0088204
0.0087863
0.0087521
0.0087178
0.0086862
0.0086521
0.0086186
0.0085851
0.0085523
0.0085199
0.0084935
0.0084643
0.0084346
0.0084110
0.0083876
0.0083600
0.0083361
0.0083121
0.0082876
0.0082646
0.0082413
0.0082210
0.0081991
0.0081768
0.0081527
0.0081303
0.0081065
0.0080831
0.0080598
0.0080383
0.0080195
0.0079986
0.0079747
0.0079511
0.0079309
0.0079082
0.0078803
0.0078507
0.0078195
0.0077892
0.0077603
0.0077327
0.0077057
0.0076783
0.0076532
0.0076281
0.0076073
0.0075846
0.0075645
0.0075451
0.0075278
0.0075148
0.0075004
0.0074852
0.0074735
0.0074659
0.0074573
0.0074505
0.0074407
0.0074345
0.0074283
0.0074206
0.0074067
0.0073932
0.0073742
0.0073597
0.0073451
0.0073307
0.0073164
0.0073075
0.0072949
0.0072852
0.0072729
0.0072603
0.0072485
0.0072399
0.0072338
0.0072264
0.0072179
0.0072091
0.0071948
0.0071805
0.0071693
0.0071573
0.0071469
0.0071388
0.0071316
0.0071243
0.0071159
0.0071059
0.0070948
0.0070819
0.0070668
0.0070510
0.0070379
0.0070244
0.0070093
0.0069912
0.0069765
0.0069579
0.0069422
0.0069273
0.0069149
0.0069014
0.0068841
0.0068724
0.0068629
0.0068557
0.0068469
0.0068406
0.0068339
0.0068220
0.0068136
0.0067996
0.0067848
0.0067725
0.0067634
0.0067549
0.0067495
0.0067450
0.0067397
0.0067345
0.0067314
0.0067247
0.0067171
0.0067078
0.0066964
0.0066822
0.0066690
0.0066545
0.0066408
0.0066234
0.0066030
0.0065822
0.0065614
0.0065390
0.0065176
0.0064980
0.0064806
0.0064655
0.0064531
0.0064401
0.0064290
0.0064158
0.0063995
0.0063809
0.0063632
0.0063486
0.0063345
0.0063214
0.0063088
0.0062967
0.0062831
0.0062700
0.0062587
0.0062474
0.0062363
0.0062253
0.0062117
0.0061966
0.0061841
0.0061699
0.0061570
0.0061426
0.0061279
0.0061128
0.0060971
0.0060824
0.0060665
0.0060499
0.0060346
0.0060171
0.0060017
0.0059839
0.0059645
0.0059449
0.0059246
0.0059073
0.0058912
0.0058772
0.0058608
0.0058469
0.0058330
0.0058207
0.0058073
0.0057965
0.0057837
0.0057727
0.0057596
0.0057474
0.0057383
0.0057320
0.0057253
0.0057187
0.0057141
0.0057102
0.0057023
0.0056927
0.0056830
0.0056763
0.0056707
0.0056662
0.0056623
0.0056601
0.0056514
0.0056410
0.0056312
0.0056182
0.0056082
0.0055959
0.0055861
0.0055780
0.0055694
0.0055598
0.0055517
0.0055427
0.0055307
0.0055186
0.0055076
0.0054942
0.0054797
0.0054603
0.0054446
0.0054273
0.0054069
0.0053871
0.0053666
0.0053459
0.0053252
0.0053029
0.0052838
0.0052657
0.0052498
0.0052345
0.0052193
0.0052046
0.0051926
0.0051821
0.0051711
0.0051605
0.0051525
0.0051433
0.0051358
0.0051305
0.0051226
0.0051141
0.0051062
0.0050988
0.0050921
0.0050893
0.0050869
0.0050815
0.0050759
0.0050716
0.0050669
0.0050598
0.0050496
0.0050372
0.0050253
0.0050152
0.0050047
0.0049949
0.0049822
0.0049684
0.0049542
0.0049395
0.0049224
0.0049090
0.0048954
0.0048835
0.0048740
0.0048636
0.0048539
0.0048435
0.0048357
0.0048251
0.0048125
0.0047990
0.0047874
0.0047697
0.0047525
0.0047359
0.0047200
0.0047009
0.0046824
0.0046618
0.0046426
0.0046250
0.0046074
0.0045884
0.0045693
0.0045505
0.0045377
0.0045263
0.0045148
0.0045062
0.0044932
0.0044787
0.0044627
0.0044484
0.0044336
0.0044173
0.0044016
0.0043872
0.0043723
0.0043559
0.0043415
0.0043241
0.0043031
0.0042827
0.0042640
0.0042474
0.0042274
0.0042085
0.0041925
0.0041802
0.0041682
0.0041572
0.0041448
0.0041302
0.0041164
0.0041029
0.0040871
0.0040692
0.0040507
0.0040298
0.0040051
0.0039846
0.0039614
0.0039400
0.0039199
0.0038996
0.0038818
0.0038650
0.0038480
0.0038268
0.0038087
0.0037901
0.0037738
0.0037584
0.0037413
0.0037254
0.0037113
0.0036960
0.0036776
0.0036617
0.0036444
0.0036275
0.0036141
0.0036001
0.0035868
0.0035729
0.0035603
0.0035467
0.0035278
0.0035117
0.0034956
0.0034809
0.0034663
0.0034525
0.0034399
0.0034289
0.0034172
0.0034063
0.0033954
0.0033858
0.0033746
0.0033640
0.0033564
0.0033498
0.0033430
0.0033387
0.0033311
0.0033266
0.0033230
0.0033181
0.0033180
0.0033189
0.0033168
0.0033138
0.0033137
0.0033103
0.0033111
0.0033102
0.0033103
0.0033062
0.0033016
0.0032962
0.0032930
0.0032889
0.0032853
0.0032828
0.0032810
0.0032802
0.0032807
0.0032822
0.0032824
0.0032806
0.0032815
0.0032821
0.0032771
0.0032733
0.0032714
0.0032730
0.0032750
0.0032782
0.0032805
0.0032833
0.0032857
0.0032891
0.0032881
0.0032864
0.0032869
0.0032886
0.0032888
0.0032902
0.0032911
0.0032933
0.0032950
0.0032968
0.0032952
0.0032954
0.0032901
0.0032826
0.0032731
0.0032589
0.0032438
0.0032308
0.0032176
0.0032023
0.0031871
0.0031697
0.0031530
0.0031390
0.0031279
0.0031176
0.0031085
0.0030995
0.0030896
0.0030785
0.0030681
0.0030598
0.0030499
0.0030392
0.0030272
0.0030136
0.0030001
0.0029867
0.0029745
0.0029621
0.0029497
0.0029380
0.0029310
0.0029217
0.0029135
0.0029069
0.0029016
0.0028939
0.0028877
0.0028780
0.0028705
0.0028633
0.0028565
0.0028510
0.0028463
0.0028444
0.0028450
0.0028458
0.0028483
0.0028498
0.0028504
0.0028483
0.0028449
0.0028425
0.0028396
0.0028363
0.0028352
0.0028328
0.0028309
0.0028300
0.0028313
0.0028322
0.0028333
0.0028361
0.0028380
0.0028380
0.0028357
0.0028333
0.0028334
0.0028365
0.0028401
0.0028433
0.0028475
0.0028499
0.0028525
0.0028568
0.0028636
0.0028699
0.0028754
0.0028817
0.0028881
0.0028902
0.0028926
0.0028957
0.0029020
0.0029059
0.0029071
0.0029106
0.0029142
0.0029162
0.0029176
0.0029195
0.0029249
0.0029333
0.0029402
0.0029484
0.0029534
0.0029588
0.0029613
0.0029648
0.0029691
0.0029708
0.0029725
0.0029753
0.0029757
0.0029748
0.0029718
0.0029698
0.0029681
0.0029673
0.0029650
0.0029619
0.0029595
0.0029556
0.0029548
0.0029530
0.0029503
0.0029486
0.0029475
0.0029454
0.0029427
0.0029407
0.0029374
0.0029340
0.0029278
0.0029260
0.0029243
0.0029229
0.0029235
0.0029251
0.0029233
0.0029217
0.0029204
0.0029203
0.0029195
0.0029197
0.0029185
0.0029147
0.0029092
0.0029042
0.0029000
0.0028916
0.0028849
0.0028792
0.0028747
0.0028691
0.0028649
0.0028595
0.0028571
0.0028509
0.0028422
0.0028323
0.0028226
0.0028160
0.0028102
0.0028059
0.0028011
0.0027923
0.0027857
0.0027797
0.0027756
0.0027709
0.0027695
0.0027678
0.0027646
0.0027626
0.0027589
0.0027538
0.0027473
0.0027435
0.0027393
0.0027384
0.0027360
0.0027330
0.0027295
0.0027245
0.0027186
0.0027156
0.0027128
0.0027104
0.0027092
0.0027106
0.0027131
0.0027156
0.0027199
0.0027235
0.0027262
0.0027281
0.0027317
0.0027357
0.0027409
0.0027436
0.0027451
0.0027475
0.0027497
0.0027539
0.0027582
0.0027618
0.0027655
0.0027692
0.0027710
0.0027715
0.0027722
0.0027710
0.0027654
0.0027573
0.0027538
0.0027491
0.0027474
0.0027466
0.0027449
0.0027435
0.0027433
0.0027463
0.0027478
0.0027470
0.0027470
0.0027448
0.0027413
0.0027352
0.0027298
0.0027248
0.0027171
0.0027127
0.0027098
0.0027097
0.0027075
0.0027082
0.0027063
0.0027012
0.0026978
0.0026982
0.0027010
0.0027043
0.0027078
0.0027096
0.0027140
0.0027177
0.0027179
0.0027191
0.0027193
0.0027193
0.0027192
0.0027196
0.0027201
0.0027209
0.0027213
0.0027205
0.0027181
0.0027155
0.0027114
0.0027081
0.0027016
0.0026952
0.0026906
0.0026837
0.0026749
0.0026631
0.0026510
0.0026418
0.0026323
0.0026257
0.0026233
0.0026189
0.0026171
0.0026146
0.0026109
0.0026060
0.0025975
0.0025897
0.0025836
0.0025730
0.0025601
0.0025503
0.0025395
0.0025277
0.0025133
0.0024986
0.0024867
0.0024727
0.0024581
0.0024445
0.0024334
0.0024209
0.0024061
0.0023917
0.0023785
0.0023669
0.0023545
0.0023411
0.0023272
0.0023173
0.0023083
0.0022952
0.0022857
0.0022765
0.0022680
0.0022616
0.0022583
0.0022553
0.0022527
0.0022531
0.0022559
0.0022573
0.0022589
0.0022610
0.0022604
0.0022596
0.0022601
0.0022613
0.0022635
0.0022647
0.0022654
0.0022672
0.0022658
0.0022651
0.0022634
0.0022629
0.0022616
0.0022577
0.0022551
0.0022547
0.0022537
0.0022541
0.0022559
0.0022563
0.0022554
0.0022556
0.0022584
0.0022629
0.0022673
0.0022725
0.0022757
0.0022753
0.0022723
0.0022668
0.0022610
0.0022549
0.0022500
0.0022457
0.0022436
0.0022430
0.0022420
0.0022410
0.0022383
0.0022372
0.0022379
0.0022398
0.0022396
0.0022383
0.0022370
0.0022350
0.0022307
0.0022291
0.0022302
0.0022315
0.0022317
0.0022330
0.0022342
0.0022340
0.0022338
0.0022310
0.0022293
0.0022272
0.0022265
0.0022249
0.0022261
0.0022270
0.0022266
0.0022272
0.0022275
0.0022255
0.0022231
0.0022205
0.0022182
0.0022136
0.0022092
0.0022076
0.0022077
0.0022063
0.0022047
0.0022058
0.0022058
0.0022057
0.0022062
0.0022051
0.0022038
0.0021994
0.0021980
0.0021972
0.0021959
0.0021922
0.0021924
0.0021930
0.0021953
0.0021995
0.0022011
0.0022038
0.0022083
0.0022116
0.0022164
0.0022233
0.0022322
0.0022420
0.0022500
0.0022581
0.0022658
0.0022708
0.0022721
0.0022734
0.0022739
0.0022750
0.0022755
0.0022752
0.0022755
0.0022757
0.0022746
0.0022775
0.0022837
0.0022919
0.0023028
0.0023145
0.0023249
0.0023343
0.0023456
0.0023565
0.0023677
0.0023765
0.0023840
0.0023884
0.0023910
0.0023943
0.0023950
0.0023960
0.0023956
0.0023924
0.0023867
0.0023799
0.0023730
0.0023671
0.0023634
0.0023556
0.0023489
0.0023393
0.0023308
0.0023240
0.0023166
0.0023091
0.0023013
0.0022904
0.0022807
0.0022702
0.0022620
0.0022543
0.0022454
0.0022390
0.0022324
0.0022236
0.0022174
0.0022093
0.0022026
0.0021964
0.0021906
0.0021822
0.0021763
0.0021728
0.0021680
0.0021626
0.0021601
0.0021584
0.0021546
0.0021468
0.0021388
0.0021312
0.0021219
0.0021098
0.0020960
0.0020814
0.0020678
0.0020540
0.0020404
0.0020313
0.0020219
0.0020142
0.0020069
0.0020015
0.0019967
0.0019968
0.0019960
0.0019974
0.0019989
0.0019983
0.0019966
0.0019914
0.0019871
0.0019800
0.0019719
0.0019642
0.0019535
0.0019450
0.0019365
0.0019247
0.0019129
0.0019037
0.0018984
0.0018934
0.0018866
0.0018799
0.0018705
0.0018602
0.0018522
0.0018431
0.0018298
0.0018133
0.0017993
0.0017894
0.0017817
0.0017741
0.0017670
0.0017588
0.0017509
0.0017461
0.0017422
0.0017376
0.0017317
0.0017225
0.0017111
0.0017016
0.0016945
0.0016906
0.0016909
0.0016891
0.0016878
0.0016859
0.0016831
0.0016808
0.0016784
0.0016732
0.0016645
0.0016560
0.0016493
0.0016443
0.0016412
0.0016385
0.0016376
0.0016386
0.0016392
0.0016389
0.0016368
0.0016324
0.0016254
0.0016166
0.0016118
0.0016071
0.0016002
0.0015963
0.0015947
0.0015911
0.0015871
0.0015827
0.0015768
0.0015702
0.0015610
0.0015524
0.0015423
0.0015351
0.0015285
0.0015228
0.0015171
0.0015131
0.0015115
0.0015087
0.0015016
0.0014958
0.0014880
0.0014811
0.0014751
0.0014686
0.0014632
0.0014571
0.0014506
0.0014472
0.0014436
0.0014417
0.0014407
0.0014394
0.0014385
0.0014350
0.0014312
0.0014271
0.0014212
0.0014150
0.0014087
0.0014003
0.0013919
0.0013840
0.0013770
0.0013707
0.0013636
0.0013598
0.0013555
0.0013515
0.0013510
0.0013502
0.0013503
0.0013486
0.0013502
0.0013494
0.0013488
0.0013436
0.0013393
0.0013365
0.0013360
0.0013353
0.0013350
0.0013326
0.0013262
0.0013213
0.0013159
0.0013101
0.0013033
0.0012977
0.0012912
0.0012871
0.0012846
0.0012807
0.0012772
0.0012724
0.0012698
0.0012654
0.0012611
0.0012569
0.0012523
0.0012514
0.0012513
0.0012526
0.0012536
0.0012502
0.0012486
0.0012464
0.0012408
0.0012349
0.0012313
0.0012295
0.0012255
0.0012221
0.0012213
0.0012187
0.0012163
0.0012129
0.0012084
0.0012039
0.0011968
0.0011879
0.0011804
0.0011706
0.0011617
0.0011516
0.0011417
0.0011334
0.0011278
0.0011229
0.0011199
0.0011154
0.0011141
0.0011132
0.0011141
0.0011153
0.0011184
0.0011236
0.0011309
0.0011326
0.0011334
0.0011324
0.0011311
0.0011326
0.0011306
0.0011288
0.0011299
0.0011304
0.0011313
0.0011307
0.0011284
0.0011263
0.0011263
0.0011252
0.0011222
0.0011192
0.0011169
0.0011148
0.0011122
0.0011092
0.0011085
0.0011051
0.0011009
0.0010955
0.0010882
0.0010798
0.0010715
0.0010658
0.0010588
0.0010498
0.0010407
0.0010304
0.0010209
0.0010106
0.0010037
0.0009996
0.0009965
0.0009956
0.0009942
0.0009944
0.0009962
0.0009975
0.0009995
0.0010054
0.0010131
0.0010188
0.0010232
0.0010310
0.0010378
0.0010406
0.0010398
0.0010369
0.0010320
0.0010252
0.0010183
0.0010136
0.0010059
0.0009961
0.0009892
0.0009840
0.0009767
0.0009710
0.0009651
0.0009599
0.0009565
0.0009537
0.0009500
0.0009479
0.0009460
0.0009443
0.0009417
0.0009407
0.0009394
0.0009374
0.0009378
0.0009380
0.0009380
0.0009379
0.0009390
0.0009385
0.0009373
0.0009338
0.0009298
0.0009233
0.0009171
0.0009095
0.0009029
0.0008978
0.0008958
0.0008924
0.0008904
0.0008899
0.0008923
0.0008948
0.0008948
0.0008944
0.0008951
0.0008956
0.0008945
0.0008934
0.0008916
0.0008896
0.0008880
0.0008851
0.0008807
0.0008775
0.0008716
0.0008665
0.0008652
0.0008604
0.0008569
0.0008565
0.0008554
0.0008525
0.0008475
0.0008430
0.0008414
0.0008381
0.0008332
0.0008253
0.0008179
0.0008112
0.0008066
0.0008032
0.0007991
0.0007952
0.0007951
0.0007948
0.0007939
0.0007947
0.0007952
0.0007959
0.0007964
0.0007967
0.0007979
0.0007985
0.0007991
0.0008026
0.0008047
0.0008039
0.0008029
0.0008060
0.0008063
0.0008043
0.0008040
0.0008027
0.0008020
0.0008032
0.0008024
0.0008004
0.0007969
0.0007926
0.0007904
0.0007885
0.0007849
0.0007796
0.0007737
0.0007681
0.0007650
0.0007641
0.0007653
0.0007662
0.0007671
0.0007663
0.0007659
0.0007678
0.0007678
0.0007702
0.0007730
0.0007796
0.0007838
0.0007875
0.0007954
0.0008037
0.0008145
0.0008259
0.0008356
0.0008480
0.0008591
0.0008732
0.0008843
0.0008953
0.0009066
0.0009191
0.0009352
0.0009484
0.0009588
0.0009683
0.0009750
0.0009794
0.0009853
0.0009897
0.0009950
0.0009960
0.0009963
0.0009950
0.0009945
0.0009943
0.0009926
0.0009917
0.0009925
0.0009916
0.0009919
0.0009928
0.0009956
0.0009964
0.0009993
0.0010027
0.0010056
0.0010076
0.0010095
0.0010114
0.0010140
0.0010133
0.0010120
0.0010093
0.0010095
0.0010109
0.0010119
0.0010108
0.0010105
0.0010089
0.0010081
0.0010082
0.0010085
0.0010103
0.0010128
0.0010126
0.0010117
0.0010091
0.0010052
0.0010030
0.0009952
0.0009897
0.0009830
0.0009760
0.0009696
0.0009651
0.0009597
0.0009572
0.0009577
0.0009587
0.0009598
0.0009618
0.0009606
0.0009585
0.0009527
0.0009454
0.0009418
0.0009390
0.0009358
0.0009310
0.0009250
0.0009194
0.0009131
0.0009072
0.0009034
0.0008985
0.0008932
0.0008895
0.0008861
0.0008821
0.0008764
0.0008707
0.0008630
0.0008576
0.0008511
0.0008438
0.0008401
0.0008346
0.0008317
0.0008260
0.0008191
0.0008138
0.0008090
0.0008063
0.0008012
0.0007955
0.0007887
0.0007800
0.0007728
0.0007668
0.0007614
0.0007585
0.0007536
0.0007494
0.0007443
0.0007415
0.0007375
0.0007328
0.0007298
0.0007300
0.0007292
0.0007290
0.0007292
0.0007300
0.0007311
0.0007310
0.0007292
0.0007304
0.0007348
0.0007360
0.0007370
0.0007374
0.0007398
0.0007412
0.0007407
0.0007410
0.0007405
0.0007422
0.0007407
0.0007375
0.0007328
0.0007281
0.0007262
0.0007255
0.0007199
0.0007144
0.0007123
0.0007101
0.0007086
0.0007074
0.0007038
0.0007007
0.0006974
0.0006947
0.0006928
0.0006912
0.0006884
0.0006909
0.0006921
0.0006937
0.0006930
0.0006924
0.0006921
0.0006943
0.0006970
0.0007003
0.0007029
0.0007031
0.0007034
0.0007007
0.0006982
0.0006932
0.0006910
0.0006862
0.0006810
0.0006759
0.0006692
0.0006610
0.0006507
0.0006414
0.0006331
0.0006252
0.0006144
0.0006040
0.0005918
0.0005801
0.0005687
0.0005571
0.0005474
0.0005379
0.0005303
0.0005240
0.0005177
0.0005115
0.0005059
0.0004980
0.0004927
0.0004856
0.0004807
0.0004752
0.0004715
0.0004663
0.0004592
0.0004517
0.0004472
0.0004410
0.0004378
0.0004355
0.0004354
0.0004345
0.0004311
0.0004272
0.0004227
0.0004192
0.0004162
0.0004138
0.0004146
0.0004132
0.0004126
0.0004103
0.0004092
0.0004079
0.0004080
0.0004085
0.0004104
0.0004144
0.0004161
0.0004184
0.0004195
0.0004181
0.0004176
0.0004147
0.0004123
0.0004107
0.0004088
0.0004075
0.0004077
0.0004102
0.0004144
0.0004193
0.0004239
0.0004311
0.0004416
0.0004484
0.0004563
0.0004647
0.0004745
0.0004826
0.0004884
0.0004933
0.0004969
0.0004997
0.0005016
0.0005050
0.0005081
0.0005092
0.0005059
0.0005009
0.0004957
0.0004935
0.0004920
0.0004909
0.0004916
0.0004926
0.0004934
0.0004934
0.0004906
0.0004863
0.0004830
0.0004789
0.0004733
0.0004675
0.0004591
0.0004521
0.0004487
0.0004464
0.0004434
0.0004440
0.0004424
0.0004426
0.0004397
0.0004379
0.0004337
0.0004305
0.0004297
0.0004274
0.0004208
0.0004156
0.0004098
0.0004044
0.0004026
0.0003997
0.0003990
0.0003977
0.0003943
0.0003931
0.0003914
0.0003889
0.0003865
0.0003816
0.0003749
0.0003677
0.0003585
0.0003511
0.0003465
0.0003410
0.0003378
0.0003371
0.0003392
0.0003438
0.0003476
0.0003534
0.0003550
0.0003584
0.0003599
0.0003633
0.0003667
0.0003690
0.0003705
0.0003738
0.0003770
0.0003786
0.0003853
0.0003941
0.0004014
0.0004058
0.0004053
0.0004040
0.0004006
0.0003992
0.0004004
0.0004035
0.0004071
0.0004117
0.0004132
0.0004130
0.0004151
0.0004161
0.0004195
0.0004205
0.0004201
0.0004218
0.0004237
0.0004283
0.0004313
0.0004331
0.0004349
0.0004353
0.0004353
0.0004328
0.0004297
0.0004263
0.0004212
0.0004159
0.0004115
0.0004087
0.0004071
0.0004065
0.0004081
0.0004135
0.0004153
0.0004192
0.0004214
0.0004250
0.0004289
0.0004382
0.0004493
0.0004617
0.0004708
0.0004810
0.0004888
0.0004983
0.0005075
0.0005119
0.0005147
0.0005146
0.0005155
0.0005150
0.0005131
0.0005105
0.0005090
0.0005039
0.0005013
0.0004968
0.0004911
0.0004833
0.0004763
0.0004679
0.0004638
0.0004564
0.0004517
0.0004492
0.0004440
0.0004392
0.0004345
0.0004291
0.0004215
0.0004174
0.0004130
0.0004088
0.0004049
0.0003994
0.0003923
0.0003833
0.0003731
0.0003659
0.0003596
0.0003545
0.0003489
0.0003433
0.0003394
0.0003349
0.0003341
0.0003351
0.0003397
0.0003418
0.0003418
0.0003431
0.0003467
0.0003510
0.0003546
0.0003575
0.0003608
0.0003664
0.0003739
0.0003806
0.0003851
0.0003914
0.0003963
0.0004014
0.0004063
0.0004101
0.0004120
0.0004136
0.0004161
0.0004184
0.0004208
0.0004225
0.0004224
0.0004214
0.0004170
0.0004138
0.0004104
0.0004079
0.0004067
0.0004057
0.0004066
0.0004067
0.0004075
0.0004072
0.0004086
0.0004080
0.0004074
0.0004083
0.0004092
0.0004088
0.0004082
0.0004086
0.0004106
0.0004089
0.0004059
0.0004036
0.0004031
0.0004024
0.0004043
0.0004049
0.0004020
0.0003962
0.0003887
0.0003792
0.0003700
0.0003622
0.0003549
0.0003494
0.0003456
0.0003414
0.0003373
0.0003335
0.0003321
0.0003312
0.0003315
0.0003346
0.0003382
0.0003402
0.0003411
0.0003400
0.0003415
0.0003398
0.0003399
0.0003382
0.0003372
0.0003362
0.0003322
0.0003277
0.0003231
0.0003211
0.0003181
0.0003139
0.0003116
0.0003094
0.0003057
0.0003022
0.0002978
0.0002932
0.0002914
0.0002872
0.0002826
0.0002787
0.0002765
0.0002719
0.0002668
0.0002618
0.0002561
0.0002521
0.0002516
0.0002527
0.0002543
0.0002560
0.0002560
0.0002565
0.0002556
0.0002577
0.0002613
0.0002691
0.0002772
0.0002824
0.0002861
0.0002891
0.0002906
0.0002923
0.0002954
0.0002986
0.0003022
0.0003035
0.0003047
0.0003054
0.0003048
0.0003044
0.0003076
0.0003117
0.0003171
0.0003235
0.0003287
0.0003340
0.0003417
0.0003490
0.0003561
0.0003622
0.0003658
0.0003679
0.0003663
0.0003636
0.0003618
0.0003635
0.0003641
0.0003658
0.0003691
0.0003742
0.0003785
0.0003851
0.0003900
0.0003967
0.0004019
0.0004043
0.0004042
0.0004058
0.0004072
0.0004110
0.0004148
0.0004217
0.0004284
0.0004336
0.0004388
0.0004412
0.0004424
0.0004445
0.0004471
0.0004482
0.0004511
0.0004518
0.0004524
0.0004525
0.0004501
0.0004494
0.0004529
0.0004539
0.0004539
0.0004552
0.0004554
0.0004527
0.0004511
0.0004535
0.0004547
0.0004548
0.0004546
0.0004533
0.0004512
0.0004510
0.0004501
0.0004457
0.0004404
0.0004346
0.0004303
0.0004277
0.0004277
0.0004275
0.0004279
0.0004280
0.0004209
0.0004155
0.0004123
0.0004082
0.0004033
0.0003966
0.0003903
0.0003858
0.0003782
0.0003749
0.0003707
0.0003674
0.0003643
0.0003588
0.0003519
0.0003444
0.0003384
0.0003300
0.0003236
0.0003184
0.0003121
0.0003052
0.0002985
0.0002892
0.0002783
0.0002698
0.0002638
0.0002558
0.0002503
0.0002450
0.0002412
0.0002385
0.0002400
0.0002413
0.0002440
0.0002470
0.0002501
0.0002539
0.0002570
0.0002601
0.0002602
0.0002634
0.0002679
0.0002702
0.0002707
0.0002740
0.0002749
0.0002769
0.0002808
0.0002856
0.0002934
0.0003008
0.0003058
0.0003092
0.0003097
0.0003080
0.0003081
0.0003114
0.0003129
0.0003153
0.0003200
0.0003248
0.0003276
0.0003345
0.0003390
0.0003427
0.0003474
0.0003515
0.0003566
0.0003602
0.0003663
0.0003714
0.0003775
0.0003864
0.0003922
0.0003988
0.0004068
0.0004167
0.0004283
0.0004427
0.0004556
0.0004675
0.0004763
0.0004845
0.0004906
0.0004940
0.0004935
0.0004967
0.0005010
0.0005051
0.0005126
0.0005205
0.0005284
0.0005354
0.0005421
0.0005473
0.0005552
0.0005636
0.0005690
0.0005744
0.0005812
0.0005900
0.0005993
0.0006078
0.0006147
0.0006179
0.0006197
0.0006247
0.0006284
0.0006317
0.0006305
0.0006291
0.0006288
0.0006291
0.0006281
0.0006306
0.0006313
0.0006309
0.0006303
0.0006303
0.0006269
0.0006246
0.0006230
0.0006210
0.0006216
0.0006248
0.0006267
0.0006291
0.0006337
0.0006412
0.0006486
0.0006560
0.0006638
0.0006696
0.0006750
0.0006767
0.0006791
0.0006823
0.0006850
0.0006888
0.0006940
0.0007006
0.0007032
0.0007081
0.0007122
0.0007184
0.0007220
0.0007251
0.0007257
0.0007268
0.0007249
0.0007227
0.0007268
0.0007320
0.0007373
0.0007429
0.0007453
0.0007464
0.0007476
0.0007487
0.0007511
0.0007559
0.0007610
0.0007680
0.0007736
0.0007772
0.0007808
0.0007831
0.0007837
0.0007853
0.0007868
0.0007858
0.0007856
0.0007866
0.0007876
0.0007890
0.0007898
0.0007876
0.0007887
0.0007887
0.0007922
0.0007985
0.0008035
0.0008065
0.0008095
0.0008118
0.0008150
0.0008197
0.0008244
0.0008237
0.0008252
0.0008245
0.0008223
0.0008165
0.0008107
0.0008054
0.0008036
0.0008008
0.0007980
0.0007949
0.0007880
0.0007806
0.0007727
0.0007657
0.0007584
0.0007530
0.0007470
0.0007418
0.0007377
0.0007325
0.0007241
0.0007153
0.0007047
0.0006956
0.0006855
0.0006730
0.0006595
0.0006485
0.0006380
0.0006257
0.0006148
0.0006033
0.0005948
0.0005871
0.0005793
0.0005710
0.0005639
0.0005553
0.0005479
0.0005403
0.0005325
0.0005266
0.0005224
0.0005180
0.0005146
0.0005121
0.0005099
0.0005074
0.0005056
0.0005008
0.0004916
0.0004843
0.0004744
0.0004661
0.0004536
0.0004403
0.0004291
0.0004172
0.0004047
0.0003937
0.0003839
0.0003744
0.0003641
0.0003551
0.0003492
0.0003439
0.0003407
0.0003396
0.0003390
0.0003382
0.0003369
0.0003300
0.0003218
0.0003148
0.0003087
0.0003026
0.0002975
0.0002950
0.0002914
0.0002871
0.0002806
0.0002771
0.0002739
0.0002714
0.0002694
0.0002684
0.0002689
0.0002713
0.0002696
0.0002674
0.0002648
0.0002632
0.0002616
0.0002619
0.0002664
0.0002702
0.0002762
0.0002814
0.0002857
0.0002906
0.0002952
0.0003048
0.0003148
0.0003238
0.0003336
0.0003420
0.0003502
0.0003575
0.0003618
0.0003611
0.0003576
0.0003526
0.0003473
0.0003427
0.0003367
0.0003298
0.0003231
0.0003176
0.0003158
0.0003141
0.0003104
0.0003057
0.0003004
0.0002971
0.0002962
0.0002944
0.0002900
0.0002873
0.0002844
0.0002826
0.0002821
0.0002819
0.0002822
0.0002833
0.0002805
0.0002800
0.0002804
0.0002824
0.0002825
0.0002863
0.0002876
0.0002872
0.0002827
0.0002745
0.0002663
0.0002604
0.0002553
0.0002478
0.0002381
0.0002273
0.0002190
0.0002110
0.0002060
0.0001996
0.0001942
0.0001883
0.0001812
0.0001774
0.0001726
0.0001692
0.0001653
0.0001595
0.0001540
0.0001472
0.0001390
0.0001305
0.0001231
0.0001168
0.0001083
0.0001006
0.0000939
0.0000886
0.0000844
0.0000791
0.0000765
0.0000725
0.0000680
0.0000645
0.0000623
0.0000606
0.0000594
0.0000578
0.0000551
0.0000525
0.0000548
0.0000579
0.0000604
0.0000616
0.0000653
0.0000664
0.0000631
0.0000619
0.0000649
0.0000670
0.0000679
0.0000672
0.0000634
0.0000621
0.0000615
0.0000610
0.0000607
0.0000591
0.0000546
0.0000514
0.0000478
0.0000454
0.0000434
0.0000405
0.0000392
0.0000407
0.0000417
0.0000449
0.0000470
0.0000482
0.0000464
0.0000456
0.0000488
0.0000512
0.0000532
0.0000561
0.0000607
0.0000650
0.0000701
0.0000739
0.0000758
0.0000772
0.0000789
0.0000795
0.0000799
0.0000800
0.0000807
0.0000804
0.0000819
0.0000824
0.0000837
0.0000842
0.0000869
0.0000914
0.0000942
0.0000988
0.0001026
0.0001032
0.0001010
0.0000975
0.0000930
0.0000870
0.0000812
0.0000758
0.0000705
0.0000676
0.0000639
0.0000589
0.0000562
0.0000528
0.0000486
0.0000418
0.0000350
0.0000289
0.0000254
0.0000231
0.0000251
0.0000262
0.0000267
0.0000229
0.0000194
0.0000152
0.0000061
-0.0000015
-0.0000097
-0.0000186
-0.0000298
-0.0000392
-0.0000470
-0.0000540
-0.0000596
-0.0000639
-0.0000661
-0.0000640
-0.0000609
-0.0000582
-0.0000580
-0.0000565
-0.0000578
-0.0000615
-0.0000642
-0.0000654
-0.0000691
-0.0000728
-0.0000717
-0.0000700
-0.0000699
-0.0000705
-0.0000696
-0.0000686
-0.0000678
-0.0000656
-0.0000647
-0.0000622
-0.0000610
-0.0000588
-0.0000549
-0.0000527
-0.0000525
-0.0000554
-0.0000559
-0.0000556
-0.0000557
-0.0000547
-0.0000539
-0.0000531
-0.0000503
-0.0000455
-0.0000426
-0.0000391
-0.0000355
-0.0000335
-0.0000321
-0.0000305
-0.0000345
-0.0000360
-0.0000373
-0.0000369
-0.0000362
-0.0000323
-0.0000288
-0.0000257
-0.0000193
-0.0000121
-0.0000040
0.0000011
0.0000046
0.0000113
0.0000162
0.0000235
0.0000289
0.0000329
0.0000349
0.0000327
0.0000333
0.0000345
0.0000372
0.0000367
0.0000368
0.0000334
0.0000303
0.0000288
0.0000278
0.0000271
0.0000280
0.0000277
0.0000298
0.0000294
0.0000327
0.0000385
0.0000413
0.0000454
0.0000522
0.0000593
0.0000640
0.0000666
0.0000694
0.0000720
0.0000742
0.0000756
0.0000743
0.0000732
0.0000695
0.0000659
0.0000646
0.0000635
0.0000644
0.0000660
0.0000662
0.0000654
0.0000612
0.0000554
0.0000509
0.0000458
0.0000409
0.0000354
0.0000303
0.0000242
0.0000199
0.0000154
0.0000135
0.0000148
0.0000151
0.0000157
0.0000147
0.0000152
0.0000144
0.0000138
0.0000114
0.0000109
0.0000103
0.0000118
0.0000141
0.0000195
0.0000237
0.0000269
0.0000288
0.0000278
0.0000291
0.0000296
0.0000309
0.0000358
0.0000416
0.0000436
0.0000454
0.0000489
0.0000483
0.0000503
0.0000529
0.0000552
0.0000564
0.0000592
0.0000583
0.0000580
0.0000619
0.0000651
0.0000684
0.0000697
0.0000692
0.0000692
0.0000684
0.0000652
0.0000597
0.0000548
0.0000517
0.0000531
0.0000551
0.0000582
0.0000645
0.0000705
0.0000748
0.0000780
0.0000806
0.0000830
0.0000862
0.0000895
0.0000929
0.0000966
0.0000982
0.0001005
0.0000988
0.0000945
0.0000929
0.0000941
0.0000958
0.0000993
0.0001030
0.0001064
0.0001133
0.0001217
0.0001294
0.0001378
0.0001462
0.0001551
0.0001617
0.0001666
0.0001739
0.0001823
0.0001887
0.0001950
0.0002044
0.0002117
0.0002166
0.0002228
0.0002251
0.0002286
0.0002337
0.0002391
0.0002464
0.0002540
0.0002629
0.0002720
0.0002800
0.0002848
0.0002913
0.0002969
0.0003000
0.0003051
0.0003103
0.0003145
0.0003190
0.0003202
0.0003221
0.0003239
0.0003216
0.0003195
0.0003186
0.0003197
0.0003187
0.0003178
0.0003137
0.0003120
0.0003126
0.0003136
0.0003158
0.0003181
0.0003243
0.0003256
0.0003264
0.0003250
0.0003264
0.0003257
0.0003265
0.0003284
0.0003302
0.0003322
0.0003339
0.0003361
0.0003392
0.0003399
0.0003384
0.0003371
0.0003319
0.0003301
0.0003296
0.0003286
0.0003319
0.0003329
0.0003334
0.0003356
0.0003396
0.0003441
0.0003503
0.0003534
0.0003565
0.0003577
0.0003587
0.0003576
0.0003544
0.0003521
0.0003519
0.0003511
0.0003500
0.0003477
0.0003462
0.0003456
0.0003480
0.0003481
0.0003495
0.0003525
0.0003570
0.0003603
0.0003619
0.0003615
0.0003624
0.0003620
0.0003607
0.0003646
0.0003695
0.0003772
0.0003834
0.0003903
0.0003949
0.0003968
0.0003975
0.0004011
0.0004040
0.0004076
0.0004084
0.0004078
0.0004085
0.0004137
0.0004174
0.0004198
0.0004194
0.0004191
0.0004199
0.0004231
0.0004253
0.0004249
0.0004247
0.0004265
0.0004264
0.0004255
0.0004240
0.0004205
0.0004182
0.0004151
0.0004118
0.0004090
0.0004066
0.0004048
0.0004022
0.0003975
0.0003960
0.0003945
0.0003929
0.0003929
0.0003946
0.0003956
0.0003936
0.0003934
0.0003952
0.0003992
0.0003998
0.0003971
0.0003942
0.0003969
0.0003978
0.0004005
0.0004008
0.0004044
0.0004047
0.0004061
0.0004053
0.0004045
0.0004036
0.0004037
0.0004021
0.0004022
0.0004026
0.0004019
0.0003980
0.0003938
0.0003885
0.0003837
0.0003772
0.0003712
0.0003683
0.0003634
0.0003583
0.0003525
0.0003442
0.0003358
0.0003278
0.0003203
0.0003114
0.0003029
0.0002982
0.0002962
0.0002931
0.0002932
0.0002957
0.0002999
0.0003014
0.0002991
0.0002948
0.0002886
0.0002848
0.0002803
0.0002744
0.0002693
0.0002649
0.0002609
0.0002562
0.0002536
0.0002494
0.0002479
0.0002462
0.0002469
0.0002468
0.0002488
0.0002510
0.0002520
0.0002526
0.0002534
0.0002523
0.0002519
0.0002496
0.0002467
0.0002422
0.0002391
0.0002335
0.0002244
0.0002170
0.0002102
0.0002000
0.0001907
0.0001822
0.0001737
0.0001652
0.0001590
0.0001536
0.0001514
0.0001512
0.0001489
0.0001469
0.0001453
0.0001458
0.0001438
0.0001411
0.0001397
0.0001376
0.0001357
0.0001356
0.0001351
0.0001351
0.0001368
0.0001371
0.0001359
0.0001343
0.0001310
0.0001284
0.0001273
0.0001262
0.0001264
0.0001264
0.0001266
0.0001255
0.0001233
0.0001209
0.0001198
0.0001196
0.0001175
0.0001142
0.0001131
0.0001099
0.0001022
0.0000948
0.0000901
0.0000846
0.0000836
0.0000809
0.0000776
0.0000735
0.0000676
0.0000644
0.0000614
0.0000592
0.0000607
0.0000609
0.0000607
0.0000589
0.0000585
0.0000598
0.0000618
0.0000641
0.0000688
0.0000739
0.0000810
0.0000896
0.0000978
0.0001056
0.0001115
0.0001165
0.0001215
0.0001269
0.0001322
0.0001378
0.0001400
0.0001424
0.0001443
0.0001480
0.0001529
0.0001584
0.0001654
0.0001748
0.0001834
0.0001942
0.0002051
0.0002134
0.0002205
0.0002281
0.0002358
0.0002463
0.0002534
0.0002598
0.0002653
0.0002720
0.0002769
0.0002822
0.0002883
0.0002941
0.0002985
0.0003063
0.0003140
0.0003240
0.0003324
0.0003409
0.0003468
0.0003489
0.0003479
0.0003470
0.0003468
0.0003447
0.0003410
0.0003397
0.0003373
0.0003371
0.0003385
0.0003407
0.0003437
0.0003459
0.0003463
0.0003450
0.0003440
0.0003404
0.0003369
0.0003324
0.0003271
0.0003204
0.0003137
0.0003107
0.0003096
0.0003098
0.0003071
0.0003017
0.0002985
0.0002925
0.0002879
0.0002834
0.0002792
0.0002747
0.0002702
0.0002666
0.0002634
0.0002618
0.0002615
0.0002587
0.0002578
0.0002585
0.0002559
0.0002525
0.0002491
0.0002471
0.0002436
0.0002403
0.0002390
0.0002386
0.0002413
0.0002448
0.0002470
0.0002498
0.0002535
0.0002595
0.0002639
0.0002637
0.0002616
0.0002588
0.0002561
0.0002577
0.0002575
0.0002562
0.0002561
0.0002582
0.0002567
0.0002565
0.0002555
0.0002548
0.0002526
0.0002488
0.0002462
0.0002456
0.0002414
0.0002396
0.0002350
0.0002284
0.0002235
0.0002196
0.0002122
0.0002023
0.0001941
0.0001898
0.0001843
0.0001786
0.0001725
0.0001658
0.0001591
0.0001531
0.0001482
0.0001434
0.0001378
0.0001295
0.0001218
0.0001150
0.0001066
0.0000964
0.0000847
0.0000778
0.0000731
0.0000645
0.0000591
0.0000535
0.0000454
0.0000390
0.0000318
0.0000255
0.0000228
0.0000212
0.0000209
0.0000197
0.0000220
0.0000229
0.0000254
0.0000290
0.0000325
0.0000347
0.0000351
0.0000332
0.0000294
0.0000265
0.0000228
0.0000195
0.0000168
0.0000131
0.0000103
0.0000099
0.0000111
0.0000136
0.0000179
0.0000186
0.0000175
0.0000160
0.0000160
0.0000155
0.0000144
0.0000146
0.0000153
0.0000181
0.0000167
0.0000145
0.0000146
0.0000139
0.0000122
0.0000125
0.0000122
0.0000111
0.0000116
0.0000131
0.0000179
0.0000218
0.0000257
0.0000237
0.0000237
0.0000239
0.0000234
0.0000234
0.0000240
0.0000220
0.0000192
0.0000141
0.0000083
0.0000051
0.0000021
-0.0000002
-0.0000017
-0.0000041
-0.0000038
-0.0000018
-0.0000022
-0.0000030
-0.0000055
-0.0000066
-0.0000056
-0.0000042
-0.0000050
-0.0000040
-0.0000023
0.0000003
0.0000008
-0.0000002
-0.0000013
-0.0000006
0.0000004
0.0000010
0.0000008
-0.0000003
-0.0000013
-0.0000039
-0.0000081
-0.0000116
-0.0000148
-0.0000167
-0.0000180
-0.0000207
-0.0000241
-0.0000270
-0.0000297
-0.0000316
-0.0000351
-0.0000393
-0.0000426
-0.0000470
-0.0000533
-0.0000577
-0.0000635
-0.0000675
-0.0000728
-0.0000769
-0.0000823
-0.0000869
-0.0000934
-0.0001003
-0.0001055
-0.0001135
-0.0001206
-0.0001283
-0.0001351
-0.0001394
-0.0001460
-0.0001537
-0.0001610
-0.0001674
-0.0001733
-0.0001775
-0.0001806
-0.0001878
-0.0001950
-0.0002005
-0.0002057
-0.0002084
-0.0002127
-0.0002154
-0.0002220
-0.0002274
-0.0002300
-0.0002295
-0.0002283
-0.0002274
-0.0002270
-0.0002237
-0.0002221
-0.0002202
-0.0002212
-0.0002215
-0.0002241
-0.0002264
-0.0002315
-0.0002376
-0.0002430
-0.0002458
-0.0002479
-0.0002479
-0.0002456
-0.0002404
-0.0002383
-0.0002393
-0.0002381
-0.0002355
-0.0002333
-0.0002355
-0.0002355
-0.0002307
-0.0002278
-0.0002287
-0.0002278
-0.0002252
-0.0002239
-0.0002222
-0.0002220
-0.0002237
-0.0002259
-0.0002282
-0.0002318
-0.0002330
-0.0002329
-0.0002346
-0.0002345
-0.0002372
-0.0002417
-0.0002444
-0.0002456
-0.0002479
-0.0002484
-0.0002477
-0.0002435
-0.0002414
-0.0002417
-0.0002435
-0.0002468
-0.0002519
-0.0002557
-0.0002607
-0.0002690
-0.0002793
-0.0002884
-0.0002958
-0.0003013
-0.0003056
-0.0003078
-0.0003084
-0.0003053
-0.0003038
-0.0003031
-0.0003052
-0.0003103
-0.0003148
-0.0003178
-0.0003185
-0.0003190
-0.0003180
-0.0003202
-0.0003202
-0.0003225
-0.0003266
-0.0003321
-0.0003392
-0.0003448
-0.0003483
-0.0003502
-0.0003535
-0.0003574
-0.0003595
-0.0003611
-0.0003612
-0.0003625
-0.0003646
-0.0003650
-0.0003641
-0.0003660
-0.0003675
-0.0003705
-0.0003720
-0.0003729
-0.0003717
-0.0003667
-0.0003615
-0.0003579
-0.0003545
-0.0003520
-0.0003500
-0.0003473
-0.0003419
-0.0003330
-0.0003240
-0.0003163
-0.0003103
-0.0003062
-0.0003012
-0.0002964
-0.0002926
-0.0002879
-0.0002822
-0.0002764
-0.0002707
-0.0002662
-0.0002601
-0.0002549
-0.0002487
-0.0002423
-0.0002392
-0.0002380
-0.0002376
-0.0002365
-0.0002370
-0.0002380
-0.0002384
-0.0002367
-0.0002369
-0.0002363
-0.0002379
-0.0002362
-0.0002360
-0.0002379
-0.0002399
-0.0002396
-0.0002350
-0.0002337
-0.0002309
-0.0002308
-0.0002291
-0.0002313
-0.0002334
-0.0002315
-0.0002322
-0.0002351
-0.0002382
-0.0002437
-0.0002496
-0.0002590
-0.0002716
-0.0002869
-0.0002999
-0.0003097
-0.0003190
-0.0003280
-0.0003394
-0.0003493
-0.0003559
-0.0003615
-0.0003658
-0.0003717
-0.0003790
-0.0003860
-0.0003926
-0.0003966
-0.0004009
-0.0004041
-0.0004079
-0.0004115
-0.0004136
-0.0004170
-0.0004208
-0.0004217
-0.0004186
-0.0004150
-0.0004113
-0.0004073
-0.0004069
-0.0004063
-0.0004080
-0.0004094
-0.0004101
-0.0004127
-0.0004147
-0.0004160
-0.0004191
-0.0004202
-0.0004209
-0.0004186
-0.0004158
-0.0004151
-0.0004148
-0.0004130
-0.0004107
-0.0004089
-0.0004098
-0.0004112
-0.0004128
-0.0004162
-0.0004209
-0.0004271
-0.0004316
-0.0004368
-0.0004418
-0.0004434
-0.0004457
-0.0004426
-0.0004398
-0.0004357
-0.0004304
-0.0004254
-0.0004207
-0.0004166
-0.0004118
-0.0004048
-0.0003974
-0.0003897
-0.0003809
-0.0003718
-0.0003624
-0.0003529
-0.0003440
-0.0003351
-0.0003264
-0.0003195
-0.0003128
-0.0003064
-0.0003017
-0.0002950
-0.0002889
-0.0002844
-0.0002795
-0.0002740
-0.0002690
-0.0002656
-0.0002625
-0.0002560
-0.0002499
-0.0002485
-0.0002470
-0.0002453
-0.0002457
-0.0002469
-0.0002511
-0.0002520
-0.0002548
-0.0002572
-0.0002608
-0.0002653
-0.0002706
-0.0002743
-0.0002789
-0.0002841
-0.0002897
-0.0002939
-0.0002986
-0.0003036
-0.0003091
-0.0003132
-0.0003168
-0.0003195
-0.0003204
-0.0003201
-0.0003207
-0.0003216
-0.0003211
-0.0003222
-0.0003224
-0.0003247
-0.0003248
-0.0003256
-0.0003252
-0.0003247
-0.0003260
-0.0003302
-0.0003304
-0.0003312
-0.0003314
-0.0003316
-0.0003336
-0.0003337
-0.0003348
-0.0003352
-0.0003351
-0.0003355
-0.0003361
-0.0003345
-0.0003334
-0.0003312
-0.0003295
-0.0003261
-0.0003231
-0.0003196
-0.0003141
-0.0003087
-0.0003021
-0.0002952
-0.0002915
-0.0002891
-0.0002847
-0.0002831
-0.0002808
-0.0002756
-0.0002712
-0.0002663
-0.0002611
-0.0002543
-0.0002462
-0.0002386
-0.0002324
-0.0002255
-0.0002159
-0.0002062
-0.0001959
-0.0001870
-0.0001786
-0.0001679
-0.0001556
-0.0001434
-0.0001329
-0.0001228
-0.0001136
-0.0001032
-0.0000962
-0.0000908
-0.0000842
-0.0000789
-0.0000733
-0.0000677
-0.0000607
-0.0000555
-0.0000514
-0.0000489
-0.0000464
-0.0000466
-0.0000460
-0.0000454
-0.0000455
-0.0000461
-0.0000456
-0.0000436
-0.0000459
-0.0000485
-0.0000497
-0.0000513
-0.0000501
-0.0000491
-0.0000481
-0.0000464
-0.0000411
-0.0000370
-0.0000342
-0.0000314
-0.0000297
-0.0000306
-0.0000288
-0.0000304
-0.0000317
-0.0000344
-0.0000387
-0.0000435
-0.0000485
-0.0000548
-0.0000630
-0.0000695
-0.0000759
-0.0000837
-0.0000876
-0.0000898
-0.0000939
-0.0000981
-0.0000998
-0.0001024
-0.0001067
-0.0001094
-0.0001114
-0.0001129
-0.0001149
-0.0001192
-0.0001224
-0.0001256
-0.0001280
-0.0001294
-0.0001304
-0.0001369
-0.0001449
-0.0001517
-0.0001598
-0.0001688
-0.0001763
-0.0001825
-0.0001882
-0.0001961
-0.0002036
-0.0002117
-0.0002202
-0.0002255
-0.0002280
-0.0002292
-0.0002285
-0.0002292
-0.0002296
-0.0002294
-0.0002309
-0.0002307
-0.0002316
-0.0002344
-0.0002359
-0.0002348
-0.0002355
-0.0002338
-0.0002329
-0.0002328
-0.0002333
-0.0002347
-0.0002342
-0.0002319
-0.0002323
-0.0002328
-0.0002315
-0.0002290
-0.0002250
-0.0002187
-0.0002136
-0.0002107
-0.0002092
-0.0002087
-0.0002084
-0.0002116
-0.0002116
-0.0002112
-0.0002114
-0.0002118
-0.0002133
-0.0002163
-0.0002172
-0.0002194
-0.0002251
-0.0002324
-0.0002380
-0.0002444
-0.0002484
-0.0002500
-0.0002522
-0.0002566
-0.0002609
-0.0002624
-0.0002632
-0.0002628
-0.0002651
-0.0002668
-0.0002661
-0.0002646
-0.0002602
-0.0002554
-0.0002529
-0.0002480
-0.0002423
-0.0002338
-0.0002270
-0.0002195
-0.0002118
-0.0002038
-0.0001968
-0.0001925
-0.0001880
-0.0001822
-0.0001784
-0.0001743
-0.0001719
-0.0001718
-0.0001718
-0.0001694
-0.0001684
-0.0001700
-0.0001727
-0.0001741
-0.0001761
-0.0001776
-0.0001767
-0.0001791
-0.0001803
-0.0001808
-0.0001831
-0.0001857
-0.0001911
-0.0001966
-0.0002012
-0.0002044
-0.0002085
-0.0002125
-0.0002148
-0.0002191
-0.0002218
-0.0002252
-0.0002282
-0.0002322
-0.0002357
-0.0002400
-0.0002415
-0.0002425
-0.0002433
-0.0002459
-0.0002505
-0.0002544
-0.0002599
-0.0002667
-0.0002727
-0.0002759
-0.0002769
-0.0002784
-0.0002796
-0.0002824
-0.0002843
-0.0002850
-0.0002867
-0.0002864
-0.0002890
-0.0002895
-0.0002873
-0.0002828
-0.0002785
-0.0002731
-0.0002687
-0.0002655
-0.0002632
-0.0002606
-0.0002577
-0.0002536
-0.0002489
-0.0002430
-0.0002365
-0.0002306
-0.0002261
-0.0002214
-0.0002173
-0.0002083
-0.0001990
-0.0001909
-0.0001838
-0.0001772
-0.0001692
-0.0001630
-0.0001629
-0.0001665
-0.0001721
-0.0001763
-0.0001812
-0.0001852
-0.0001860
-0.0001837
-0.0001803
-0.0001745
-0.0001700
-0.0001627
-0.0001569
-0.0001470
-0.0001386
-0.0001305
-0.0001222
-0.0001177
-0.0001124
-0.0001060
-0.0001011
-0.0000979
-0.0000973
-0.0000925
-0.0000874
-0.0000822
-0.0000779
-0.0000715
-0.0000676
-0.0000641
-0.0000592
-0.0000530
-0.0000468
-0.0000422
-0.0000371
-0.0000310
-0.0000248
-0.0000173
-0.0000083
0.0000001
0.0000108
0.0000202
0.0000268
0.0000333
0.0000395
0.0000473
0.0000557
0.0000640
0.0000719
0.0000772
0.0000821
0.0000872
0.0000932
0.0000978
0.0001013
0.0001069
0.0001125
0.0001142
0.0001146
0.0001147
0.0001129
0.0001117
0.0001129
0.0001139
0.0001143
0.0001167
0.0001140
0.0001105
0.0001104
0.0001092
0.0001078
0.0001075
0.0001081
0.0001067
0.0001094
0.0001107
0.0001115
0.0001114
0.0001106
0.0001114
0.0001114
0.0001086
0.0001061
0.0001059
0.0001059
0.0001066
0.0001089
0.0001091
0.0001071
0.0001036
0.0001023
0.0001022
0.0001050
0.0001090
0.0001117
0.0001147
0.0001181
0.0001220
0.0001245
0.0001250
0.0001242
0.0001237
0.0001212
0.0001165
0.0001123
0.0001063
0.0001020
0.0000968
0.0000936
0.0000900
0.0000857
0.0000814
0.0000767
0.0000725
0.0000680
0.0000624
0.0000584
0.0000559
0.0000577
0.0000579
0.0000569
0.0000549
0.0000533
0.0000527
0.0000480
0.0000418
0.0000401
0.0000379
0.0000364
0.0000342
0.0000339
0.0000336
0.0000324
0.0000330
0.0000322
0.0000281
0.0000246
0.0000223
0.0000198
0.0000192
0.0000184
0.0000183
0.0000196
0.0000180
0.0000166
0.0000168
0.0000172
0.0000176
0.0000177
0.0000189
0.0000197
0.0000202
0.0000213
0.0000253
0.0000293
0.0000339
0.0000389
0.0000408
0.0000442
0.0000491
0.0000544
0.0000600
0.0000666
0.0000732
0.0000805
0.0000855
0.0000876
0.0000887
0.0000871
0.0000865
0.0000853
0.0000820
0.0000789
0.0000760
0.0000713
0.0000646
0.0000614
0.0000600
0.0000596
0.0000600
0.0000641
0.0000683
0.0000724
0.0000757
0.0000803
0.0000873
0.0000954
0.0001009
0.0001057
0.0001100
0.0001174
0.0001262
0.0001328
0.0001392
0.0001462
0.0001542
0.0001590
0.0001632
0.0001685
0.0001709
0.0001749
0.0001776
0.0001794
0.0001811
0.0001805
0.0001809
0.0001836
0.0001875
0.0001918
0.0002001
0.0002062
0.0002115
0.0002187
0.0002264
0.0002329
0.0002394
0.0002470
0.0002585
0.0002710
0.0002849
0.0002991
0.0003132
0.0003273
0.0003419
0.0003547
0.0003678
0.0003810
0.0003947
0.0004064
0.0004155
0.0004250
0.0004348
0.0004447
0.0004521
0.0004594
0.0004670
0.0004748
0.0004789
0.0004825
0.0004858
0.0004874
0.0004902
0.0004895
0.0004883
0.0004869
0.0004888
0.0004886
0.0004902
0.0004920
0.0004954
0.0004992
0.0005027
0.0005079
0.0005113
0.0005156
0.0005171
0.0005169
0.0005127
0.0005083
0.0005043
0.0004988
0.0004959
0.0004954
0.0004965
0.0004964
0.0004963
0.0004992
0.0004993
0.0004983
0.0004986
0.0004999
0.0004999
0.0004973
0.0004963
0.0004939
0.0004912
0.0004878
0.0004838
0.0004786
0.0004750
0.0004748
0.0004722
0.0004714
0.0004759
0.0004827
0.0004886
0.0004960
0.0005023
0.0005065
0.0005114
0.0005184
0.0005257
0.0005331
0.0005403
0.0005428
0.0005439
0.0005432
0.0005449
0.0005497
0.0005543
0.0005568
0.0005621
0.0005672
0.0005709
0.0005741
0.0005773
0.0005825
0.0005905
0.0005989
0.0006095
0.0006195
0.0006281
0.0006347
0.0006390
0.0006441
0.0006495
0.0006504
0.0006498
0.0006538
0.0006550
0.0006592
0.0006618
0.0006657
0.0006669
0.0006697
0.0006725
0.0006731
0.0006742
0.0006755
0.0006783
0.0006811
0.0006804
0.0006794
0.0006787
0.0006787
0.0006794
0.0006779
0.0006803
0.0006846
0.0006918
0.0006953
0.0006980
0.0007036
0.0007112
0.0007187
0.0007231
0.0007287
0.0007357
0.0007433
0.0007522
0.0007605
0.0007681
0.0007740
0.0007823
0.0007902
0.0007998
0.0008078
0.0008142
0.0008215
0.0008281
0.0008318
0.0008333
0.0008302
0.0008246
0.0008208
0.0008154
0.0008111
0.0008096
0.0008094
0.0008079
0.0008069
0.0008050
0.0008068
0.0008083
0.0008051
0.0008013
0.0007973
0.0007956
0.0007962
0.0007962
0.0007985
0.0008036
0.0008049
0.0008054
0.0008101
0.0008173
0.0008268
0.0008362
0.0008424
0.0008491
0.0008558
0.0008613
0.0008616
0.0008635
0.0008664
0.0008707
0.0008748
0.0008778
0.0008822
0.0008838
0.0008857
0.0008874
0.0008875
0.0008874
0.0008850
0.0008828
0.0008801
0.0008765
0.0008711
0.0008658
0.0008631
0.0008617
0.0008590
0.0008550
0.0008508
0.0008477
0.0008449
0.0008425
0.0008364
0.0008283
0.0008236
0.0008180
0.0008098
0.0008044
0.0008014
0.0007997
0.0007967
0.0007964
0.0007976
0.0007978
0.0008010
0.0008061
0.0008097
0.0008083
0.0008048
0.0007986
0.0007944
0.0007913
0.0007900
0.0007887
0.0007895
0.0007881
0.0007851
0.0007809
0.0007791
0.0007753
0.0007738
0.0007750
0.0007781
0.0007827
0.0007908
0.0007987
0.0008065
0.0008102
0.0008142
0.0008208
0.0008267
0.0008328
0.0008393
0.0008477
0.0008548
0.0008590
0.0008637
0.0008677
0.0008720
0.0008775
0.0008809
0.0008834
0.0008866
0.0008872
0.0008884
0.0008891
0.0008902
0.0008904
0.0008916
0.0008952
0.0008995
0.0009017
0.0009045
0.0009053
0.0009044
0.0009062
0.0009104
0.0009124
0.0009137
0.0009141
0.0009147
0.0009152
0.0009153
0.0009142
0.0009174
0.0009220
0.0009270
0.0009314
0.0009365
0.0009395
0.0009459
0.0009484
0.0009483
0.0009458
0.0009441
0.0009450
0.0009473
0.0009473
0.0009474
0.0009455
0.0009441
0.0009449
0.0009437
0.0009399
0.0009347
0.0009322
0.0009304
0.0009305
0.0009336
0.0009371
0.0009380
0.0009407
0.0009455
0.0009478
0.0009489
0.0009471
0.0009469
0.0009432
0.0009366
0.0009300
0.0009230
0.0009169
0.0009132
0.0009110
0.0009106
0.0009127
0.0009144
0.0009147
0.0009144
0.0009166
0.0009158
0.0009160
0.0009181
0.0009220
0.0009285
0.0009349
0.0009405
0.0009436
0.0009479
0.0009534
0.0009535
0.0009567
0.0009608
0.0009633
0.0009633
0.0009642
0.0009640
0.0009671
0.0009738
0.0009820
0.0009915
0.0010027
0.0010112
0.0010161
0.0010186
0.0010229
0.0010253
0.0010268
0.0010280
0.0010317
0.0010348
0.0010368
0.0010390
0.0010421
0.0010434
0.0010481
0.0010505
0.0010497
0.0010481
0.0010455
0.0010402
0.0010380
0.0010345
0.0010354
0.0010340
0.0010377
0.0010388
0.0010408
0.0010411
0.0010385
0.0010381
0.0010417
0.0010469
0.0010518
0.0010570
0.0010600
0.0010641
0.0010639
0.0010648
0.0010652
0.0010641
0.0010598
0.0010554
0.0010489
0.0010439
0.0010384
0.0010324
0.0010271
0.0010233
0.0010176
0.0010127
0.0010085
0.0010006
0.0009942
0.0009874
0.0009826
0.0009796
0.0009747
0.0009721
0.0009728
0.0009719
0.0009725
0.0009701
0.0009688
0.0009670
0.0009654
0.0009655
0.0009688
0.0009702
0.0009688
0.0009689
0.0009702
0.0009704
0.0009713
0.0009715
0.0009731
0.0009757
0.0009797
0.0009816
0.0009837
0.0009855
0.0009886
0.0009913
0.0009931
0.0009925
0.0009908
0.0009894
0.0009881
0.0009848
0.0009809
0.0009791
0.0009750
0.0009733
0.0009693
0.0009642
0.0009603
0.0009557
0.0009523
0.0009480
0.0009439
0.0009415
0.0009402
0.0009401
0.0009368
0.0009348
0.0009367
0.0009382
0.0009383
0.0009366
0.0009323
0.0009274
0.0009242
0.0009207
0.0009173
0.0009161
0.0009135
0.0009128
0.0009094
0.0009019
0.0008962
0.0008905
0.0008841
0.0008781
0.0008723
0.0008663
0.0008602
0.0008546
0.0008481
0.0008436
0.0008415
0.0008382
0.0008339
0.0008268
0.0008178
0.0008085
0.0007991
0.0007879
0.0007766
0.0007642
0.0007530
0.0007420
0.0007327
0.0007224
0.0007126
0.0007048
0.0007000
0.0007000
0.0007008
0.0007024
0.0007032
0.0007060
0.0007106
0.0007131
0.0007140
0.0007111
0.0007099
0.0007095
0.0007115
0.0007125
0.0007121
0.0007140
0.0007162
0.0007192
0.0007232
0.0007303
0.0007383
0.0007454
0.0007515
0.0007550
0.0007574
0.0007595
0.0007603
0.0007655
0.0007717
0.0007776
0.0007820
0.0007871
0.0007903
0.0007947
0.0007972
0.0007990
0.0008035
0.0008080
0.0008130
0.0008211
0.0008327
0.0008418
0.0008526
0.0008595
0.0008636
0.0008663
0.0008728
0.0008801
0.0008894
0.0008996
0.0009120
0.0009216
0.0009290
0.0009404
0.0009552
0.0009679
0.0009837
0.0009952
0.0010033
0.0010084
0.0010105
0.0010146
0.0010183
0.0010249
0.0010267
0.0010282
0.0010292
0.0010330
0.0010373
0.0010429
0.0010499
0.0010556
0.0010582
0.0010651
0.0010701
0.0010735
0.0010771
0.0010838
0.0010903
0.0010946
0.0010999
0.0011055
0.0011087
0.0011090
0.0011071
0.0011068
0.0011069
0.0011075
0.0011058
0.0011043
0.0011021
0.0011000
0.0010933
0.0010870
0.0010838
0.0010828
0.0010803
0.0010805
0.0010804
0.0010802
0.0010790
0.0010787
0.0010774
0.0010750
0.0010708
0.0010690
0.0010666
0.0010650
0.0010618
0.0010565
0.0010536
0.0010495
0.0010424
0.0010328
0.0010274
0.0010240
0.0010249
0.0010265
0.0010258
0.0010246
0.0010229
0.0010170
0.0010103
0.0010053
0.0009980
0.0009903
0.0009862
0.0009845
0.0009784
0.0009735
0.0009695
0.0009660
0.0009623
0.0009603
0.0009612
0.0009618
0.0009602
0.0009586
0.0009580
0.0009570
0.0009514
0.0009451
0.0009409
0.0009393
0.0009404
0.0009422
0.0009423
0.0009430
0.0009375
0.0009315
0.0009228
0.0009152
0.0009085
0.0009051
0.0009010
0.0008986
0.0008947
0.0008920
0.0008883
0.0008827
0.0008778
0.0008726
0.0008637
0.0008583
0.0008551
0.0008528
0.0008535
0.0008530
0.0008532
0.0008525
0.0008512
0.0008494
0.0008481
0.0008493
0.0008502
0.0008522
0.0008568
0.0008601
0.0008650
0.0008672
0.0008667
0.0008656
0.0008635
0.0008603
0.0008558
0.0008492
0.0008424
0.0008367
0.0008321
0.0008274
0.0008254
0.0008198
0.0008148
0.0008100
0.0008078
0.0008071
0.0008052
0.0008023
0.0007995
0.0007952
0.0007917
0.0007870
0.0007825
0.0007833
0.0007827
0.0007827
0.0007848
0.0007853
0.0007856
0.0007845
0.0007815
0.0007795
0.0007757
0.0007664
0.0007542
0.0007426
0.0007292
0.0007144
0.0006963
0.0006790
0.0006635
0.0006514
0.0006378
0.0006240
0.0006112
0.0006008
0.0005869
0.0005753
0.0005645
0.0005538
0.0005445
0.0005382
0.0005356
0.0005364
0.0005335
0.0005297
0.0005250
0.0005184
0.0005145
0.0005097
0.0005045
0.0004983
0.0004963
0.0004968
0.0004958
0.0004930
0.0004909
0.0004902
0.0004899
0.0004894
0.0004888
0.0004856
0.0004808
0.0004756
0.0004698
0.0004659
0.0004629
0.0004607
0.0004579
0.0004567
0.0004546
0.0004523
0.0004502
0.0004485
0.0004468
0.0004478
0.0004503
0.0004496
0.0004477
0.0004465
0.0004460
0.0004405
0.0004351
0.0004332
0.0004309
0.0004281
0.0004254
0.0004214
0.0004192
0.0004178
0.0004163
0.0004130
0.0004112
0.0004098
0.0004108
0.0004093
0.0004099
0.0004103
0.0004101
0.0004095
0.0004080
0.0004043
0.0004033
0.0003983
0.0003945
0.0003916
0.0003892
0.0003857
0.0003837
0.0003780
0.0003726
0.0003686
0.0003616
0.0003504
0.0003443
0.0003393
0.0003337
0.0003257
0.0003191
0.0003138
0.0003041
0.0002961
0.0002901
0.0002876
0.0002834
0.0002796
0.0002774
0.0002748
0.0002758
0.0002794
0.0002802
0.0002799
0.0002804
0.0002815
0.0002851
0.0002894
0.0002898
0.0002826
0.0002737
0.0002647
0.0002586
0.0002518
0.0002483
0.0002410
0.0002319
0.0002246
0.0002154
0.0002075
0.0002011
0.0001942
0.0001861
0.0001786
0.0001733
0.0001669
0.0001590
0.0001510
0.0001443
0.0001377
0.0001335
0.0001284
0.0001205
0.0001135
0.0001102
0.0001089
0.0001086
0.0001084
0.0001114
0.0001157
0.0001204
0.0001240
0.0001286
0.0001328
0.0001370
0.0001399
0.0001432
0.0001459
0.0001506
0.0001541
0.0001575
0.0001616
0.0001639
0.0001646
0.0001621
0.0001622
0.0001652
0.0001655
0.0001620
0.0001575
0.0001564
0.0001554
0.0001590
0.0001616
0.0001649
0.0001694
0.0001716
0.0001741
0.0001775
0.0001794
0.0001842
0.0001885
0.0001906
0.0001936
0.0001994
0.0002030
0.0002035
0.0002041
0.0002048
0.0002073
0.0002109
0.0002136
0.0002140
0.0002131
0.0002123
0.0002072
0.0002052
0.0002042
0.0002061
0.0002087
0.0002112
0.0002156
0.0002202
0.0002258
0.0002306
0.0002338
0.0002324
0.0002342
0.0002335
0.0002319
0.0002306
0.0002285
0.0002280
0.0002323
0.0002386
0.0002435
0.0002482
0.0002527
0.0002570
0.0002636
0.0002660
0.0002671
0.0002692
0.0002723
0.0002786
0.0002848
0.0002893
0.0002910
0.0002909
0.0002903
0.0002870
0.0002820
0.0002737
0.0002671
0.0002625
0.0002598
0.0002547
0.0002533
0.0002541
0.0002557
0.0002592
0.0002667
0.0002721
0.0002766
0.0002823
0.0002865
0.0002919
0.0002993
0.0003045
0.0003136
0.0003212
0.0003301
0.0003374
0.0003417
0.0003453
0.0003468
0.0003479
0.0003481
0.0003493
0.0003514
0.0003516
0.0003520
0.0003524
0.0003569
0.0003647
0.0003726
0.0003771
0.0003805
0.0003852
0.0003883
0.0003911
0.0003934
0.0003966
0.0003969
0.0003940
0.0003937
0.0003935
0.0003937
0.0003939
0.0003960
0.0003982
0.0004013
0.0004036
0.0004038
0.0004031
0.0004004
0.0003985
0.0003980
0.0003980
0.0004026
0.0004058
0.0004050
0.0004043
0.0004053
0.0004064
0.0004052
0.0004075
0.0004093
0.0004130
0.0004159
0.0004183
0.0004239
0.0004301
0.0004357
0.0004396
0.0004466
0.0004541
0.0004593
0.0004679
0.0004785
0.0004877
0.0004958
0.0005034
0.0005123
0.0005220
0.0005301
0.0005383
0.0005468
0.0005572
0.0005690
0.0005821
0.0005942
0.0006044
0.0006130
0.0006207
