0.0225695
0.0224187
0.0222706
0.0221252
0.0219819
0.0218420
0.0217041
0.0215679
0.0214335
0.0213019
0.0211721
0.0210436
0.0209181
0.0207939
0.0206732
0.0205540
0.0204375
0.0203227
0.0202090
0.0200970
0.0199870
0.0198793
0.0197730
0.0196685
0.0195661
0.0194650
0.0193648
0.0192655
0.0191680
0.0190716
0.0189776
0.0188843
0.0187917
0.0187012
0.0186113
0.0185236
0.0184363
0.0183502
0.0182647
0.0181814
0.0180992
0.0180180
0.0179377
0.0178576
0.0177785
0.0177014
0.0176252
0.0175492
0.0174759
0.0174030
0.0173303
0.0172592
0.0171881
0.0171178
0.0170476
0.0169797
0.0169138
0.0168485
0.0167844
0.0167214
0.0166594
0.0165985
0.0165371
0.0164760
0.0164169
0.0163580
0.0162996
0.0162422
0.0161857
0.0161298
0.0160745
0.0160199
0.0159664
0.0159124
0.0158573
0.0158034
0.0157491
0.0156963
0.0156449
0.0155938
0.0155431
0.0154923
0.0154417
0.0153919
0.0153420
0.0152941
0.0152474
0.0152020
0.0151569
0.0151110
0.0150654
0.0150202
0.0149761
0.0149314
0.0148877
0.0148441
0.0148021
0.0147597
0.0147179
0.0146770
0.0146364
0.0145959
0.0145555
0.0145149
0.0144745
0.0144343
0.0143955
0.0143565
0.0143175
0.0142792
0.0142408
0.0142027
0.0141658
0.0141295
0.0140936
0.0140577
0.0140231
0.0139895
0.0139568
0.0139238
0.0138914
0.0138588
0.0138263
0.0137943
0.0137622
0.0137307
0.0136994
0.0136686
0.0136390
0.0136097
0.0135815
0.0135536
0.0135259
0.0134967
0.0134668
0.0134373
0.0134074
0.0133775
0.0133468
0.0133167
0.0132866
0.0132573
0.0132287
0.0131992
0.0131700
0.0131414
0.0131127
0.0130841
0.0130553
0.0130275
0.0129996
0.0129730
0.0129457
0.0129176
0.0128895
0.0128610
0.0128335
0.0128063
0.0127792
0.0127515
0.0127241
0.0126975
0.0126703
0.0126443
0.0126174
0.0125912
0.0125649
0.0125389
0.0125147
0.0124907
0.0124682
0.0124457
0.0124232
0.0124011
0.0123782
0.0123555
0.0123319
0.0123083
0.0122855
0.0122623
0.0122401
0.0122177
0.0121967
0.0121760
0.0121550
0.0121339
0.0121127
0.0120906
0.0120692
0.0120475
0.0120260
0.0120039
0.0119813
0.0119596
0.0119381
0.0119167
0.0118960
0.0118764
0.0118561
0.0118363
0.0118158
0.0117950
0.0117748
0.0117552
0.0117375
0.0117192
0.0117014
0.0116833
0.0116656
0.0116471
0.0116291
0.0116098
0.0115905
0.0115706
0.0115513
0.0115314
0.0115114
0.0114918
0.0114723
0.0114529
0.0114340
0.0114145
0.0113947
0.0113738
0.0113532
0.0113310
0.0113080
0.0112855
0.0112632
0.0112417
0.0112206
0.0111986
0.0111762
0.0111532
0.0111310
0.0111100
0.0110898
0.0110692
0.0110498
0.0110310
0.0110127
0.0109939
0.0109752
0.0109559
0.0109376
0.0109197
0.0109021
0.0108842
0.0108661
0.0108482
0.0108303
0.0108123
0.0107943
0.0107759
0.0107581
0.0107394
0.0107207
0.0107021
0.0106849
0.0106668
0.0106490
0.0106316
0.0106145
0.0105975
0.0105792
0.0105609
0.0105440
0.0105269
0.0105096
0.0104923
0.0104760
0.0104590
0.0104416
0.0104235
0.0104057
0.0103873
0.0103684
0.0103500
0.0103316
0.0103134
0.0102962
0.0102788
0.0102609
0.0102438
0.0102267
0.0102104
0.0101933
0.0101766
0.0101610
0.0101456
0.0101308
0.0101168
0.0101033
0.0100913
0.0100798
0.0100690
0.0100576
0.0100463
0.0100340
0.0100218
0.0100090
0.0099954
0.0099816
0.0099686
0.0099556
0.0099434
0.0099305
0.0099171
0.0099042
0.0098906
0.0098771
0.0098650
0.0098537
0.0098418
0.0098307
0.0098192
0.0098071
0.0097956
0.0097846
0.0097733
0.0097608
0.0097480
0.0097358
0.0097239
0.0097119
0.0096990
0.0096865
0.0096732
0.0096603
0.0096465
0.0096340
0.0096215
0.0096088
0.0095972
0.0095860
0.0095740
0.0095623
0.0095506
0.0095396
0.0095300
0.0095204
0.0095111
0.0095025
0.0094939
0.0094857
0.0094774
0.0094673
0.0094567
0.0094465
0.0094359
0.0094262
0.0094162
0.0094065
0.0093960
0.0093858
0.0093745
0.0093624
0.0093507
0.0093392
0.0093289
0.0093188
0.0093109
0.0093030
0.0092954
0.0092890
0.0092820
0.0092756
0.0092688
0.0092624
0.0092560
0.0092494
0.0092425
0.0092352
0.0092278
0.0092211
0.0092145
0.0092075
0.0091994
0.0091916
0.0091842
0.0091766
0.0091689
0.0091613
0.0091540
0.0091463
0.0091387
0.0091304
0.0091217
0.0091122
0.0091040
0.0090963
0.0090881
0.0090791
0.0090698
0.0090601
0.0090499
0.0090402
0.0090306
0.0090205
0.0090103
0.0090004
0.0089899
0.0089792
0.0089692
0.0089592
0.0089499
0.0089402
0.0089306
0.0089196
0.0089087
0.0088976
0.0088874
0.0088774
0.0088677
0.0088577
0.0088481
0.0088387
0.0088295
0.0088194
0.0088094
0.0087991
0.0087888
0.0087784
0.0087677
0.0087571
0.0087465
0.0087358
0.0087253
0.0087150
0.0087057
0.0086961
0.0086867
0.0086768
0.0086671
0.0086577
0.0086485
0.0086393
0.0086308
0.0086226
0.0086136
0.0086048
0.0085961
0.0085878
0.0085795
0.0085717
0.0085641
0.0085557
0.0085478
0.0085400
0.0085317
0.0085239
0.0085157
0.0085078
0.0085002
0.0084924
0.0084838
0.0084752
0.0084660
0.0084564
0.0084471
0.0084376
0.0084274
0.0084174
0.0084078
0.0083983
0.0083893
0.0083805
0.0083713
0.0083619
0.0083529
0.0083441
0.0083354
0.0083246
0.0083141
0.0083027
0.0082914
0.0082803
0.0082698
0.0082595
0.0082488
0.0082375
0.0082264
0.0082149
0.0082040
0.0081935
0.0081834
0.0081736
0.0081642
0.0081556
0.0081478
0.0081412
0.0081339
0.0081273
0.0081217
0.0081153
0.0081086
0.0081019
0.0080963
0.0080910
0.0080861
0.0080816
0.0080768
0.0080707
0.0080644
0.0080596
0.0080543
0.0080487
0.0080429
0.0080379
0.0080323
0.0080271
0.0080222
0.0080171
0.0080119
0.0080077
0.0080036
0.0079987
0.0079932
0.0079882
0.0079825
0.0079767
0.0079707
0.0079658
0.0079618
0.0079579
0.0079537
0.0079497
0.0079455
0.0079409
0.0079369
0.0079331
0.0079300
0.0079263
0.0079214
0.0079163
0.0079108
0.0079059
0.0079012
0.0078965
0.0078924
0.0078887
0.0078849
0.0078810
0.0078767
0.0078723
0.0078679
0.0078627
0.0078583
0.0078535
0.0078486
0.0078442
0.0078396
0.0078350
0.0078294
0.0078239
0.0078184
0.0078138
0.0078099
0.0078058
0.0078018
0.0077974
0.0077931
0.0077904
0.0077886
0.0077868
0.0077850
0.0077829
0.0077804
0.0077783
0.0077759
0.0077727
0.0077698
0.0077669
0.0077636
0.0077607
0.0077571
0.0077539
0.0077504
0.0077471
0.0077434
0.0077389
0.0077341
0.0077300
0.0077262
0.0077217
0.0077174
0.0077138
0.0077099
0.0077060
0.0077021
0.0076985
0.0076946
0.0076916
0.0076886
0.0076852
0.0076822
0.0076800
0.0076786
0.0076779
0.0076770
0.0076758
0.0076743
0.0076722
0.0076697
0.0076673
0.0076647
0.0076623
0.0076605
0.0076591
0.0076576
0.0076557
0.0076533
0.0076505
0.0076469
0.0076437
0.0076403
0.0076359
0.0076316
0.0076277
0.0076240
0.0076203
0.0076161
0.0076118
0.0076081
0.0076040
0.0076001
0.0075961
0.0075927
0.0075883
0.0075838
0.0075798
0.0075758
0.0075716
0.0075672
0.0075629
0.0075593
0.0075561
0.0075525
0.0075491
0.0075446
0.0075398
0.0075352
0.0075305
0.0075257
0.0075215
0.0075175
0.0075130
0.0075094
0.0075066
0.0075042
0.0075018
0.0074996
0.0074958
0.0074916
0.0074874
0.0074834
0.0074795
0.0074753
0.0074720
0.0074687
0.0074660
0.0074630
0.0074594
0.0074561
0.0074523
0.0074489
0.0074464
0.0074433
0.0074394
0.0074362
0.0074336
0.0074304
0.0074266
0.0074230
0.0074197
0.0074170
0.0074142
0.0074117
0.0074091
0.0074056
0.0074023
0.0073987
0.0073956
0.0073922
0.0073887
0.0073854
0.0073811
0.0073778
0.0073750
0.0073726
0.0073695
0.0073661
0.0073632
0.0073607
0.0073587
0.0073565
0.0073541
0.0073513
0.0073486
0.0073453
0.0073419
0.0073377
0.0073338
0.0073303
0.0073273
0.0073244
0.0073217
0.0073188
0.0073156
0.0073124
0.0073097
0.0073062
0.0073025
0.0072988
0.0072952
0.0072914
0.0072878
0.0072843
0.0072818
0.0072793
0.0072760
0.0072724
0.0072680
0.0072631
0.0072583
0.0072536
0.0072483
0.0072426
0.0072373
0.0072323
0.0072273
0.0072229
0.0072193
0.0072159
0.0072121
0.0072091
0.0072058
0.0072024
0.0071995
0.0071968
0.0071933
0.0071901
0.0071857
0.0071820
0.0071788
0.0071753
0.0071712
0.0071672
0.0071636
0.0071600
0.0071561
0.0071523
0.0071483
0.0071451
0.0071421
0.0071392
0.0071354
0.0071311
0.0071264
0.0071224
0.0071180
0.0071127
0.0071068
0.0071010
0.0070949
0.0070892
0.0070833
0.0070781
0.0070737
0.0070696
0.0070662
0.0070630
0.0070604
0.0070580
0.0070553
0.0070526
0.0070505
0.0070493
0.0070477
0.0070457
0.0070444
0.0070424
0.0070405
0.0070386
0.0070375
0.0070358
0.0070342
0.0070317
0.0070286
0.0070256
0.0070219
0.0070176
0.0070129
0.0070085
0.0070045
0.0069999
0.0069958
0.0069920
0.0069872
0.0069832
0.0069795
0.0069761
0.0069729
0.0069697
0.0069666
0.0069636
0.0069614
0.0069593
0.0069571
0.0069549
0.0069521
0.0069490
0.0069458
0.0069426
0.0069393
0.0069361
0.0069324
0.0069281
0.0069246
0.0069213
0.0069178
0.0069144
0.0069113
0.0069079
0.0069051
0.0069024
0.0068999
0.0068980
0.0068958
0.0068938
0.0068916
0.0068897
0.0068874
0.0068854
0.0068841
0.0068818
0.0068794
0.0068773
0.0068749
0.0068740
0.0068738
0.0068733
0.0068728
0.0068714
0.0068695
0.0068686
0.0068671
0.0068656
0.0068644
0.0068630
0.0068616
0.0068602
0.0068587
0.0068564
0.0068536
0.0068515
0.0068492
0.0068469
0.0068436
0.0068404
0.0068372
0.0068333
0.0068309
0.0068278
0.0068242
0.0068213
0.0068177
0.0068141
0.0068103
0.0068066
0.0068035
0.0067998
0.0067966
0.0067936
0.0067910
0.0067885
0.0067859
0.0067839
0.0067818
0.0067793
0.0067771
0.0067758
0.0067744
0.0067736
0.0067733
0.0067726
0.0067726
0.0067722
0.0067718
0.0067723
0.0067739
0.0067743
0.0067748
0.0067756
0.0067768
0.0067780
0.0067798
0.0067816
0.0067839
0.0067857
0.0067876
0.0067895
0.0067910
0.0067917
0.0067923
0.0067927
0.0067931
0.0067940
0.0067949
0.0067962
0.0067971
0.0067981
0.0067986
0.0067994
0.0068001
0.0068012
0.0068031
0.0068050
0.0068063
0.0068072
0.0068082
0.0068092
0.0068102
0.0068116
0.0068130
0.0068146
0.0068166
0.0068185
0.0068210
0.0068229
0.0068247
0.0068259
0.0068277
0.0068287
0.0068294
0.0068299
0.0068306
0.0068321
0.0068333
0.0068356
0.0068378
0.0068415
0.0068451
0.0068481
0.0068502
0.0068528
0.0068552
0.0068572
0.0068595
0.0068614
0.0068628
0.0068639
0.0068652
0.0068660
0.0068664
0.0068665
0.0068661
0.0068660
0.0068668
0.0068682
0.0068685
0.0068687
0.0068679
0.0068665
0.0068644
0.0068616
0.0068597
0.0068572
0.0068554
0.0068543
0.0068524
0.0068493
0.0068468
0.0068445
0.0068431
0.0068417
0.0068408
0.0068397
0.0068381
0.0068371
0.0068357
0.0068346
0.0068341
0.0068339
0.0068339
0.0068335
0.0068336
0.0068331
0.0068324
0.0068323
0.0068323
0.0068325
0.0068324
0.0068334
0.0068359
0.0068389
0.0068414
0.0068434
0.0068451
0.0068470
0.0068483
0.0068499
0.0068514
0.0068538
0.0068561
0.0068576
0.0068589
0.0068597
0.0068605
0.0068615
0.0068627
0.0068636
0.0068637
0.0068633
0.0068633
0.0068625
0.0068620
0.0068616
0.0068616
0.0068604
0.0068587
0.0068566
0.0068532
0.0068498
0.0068467
0.0068435
0.0068404
0.0068380
0.0068349
0.0068312
0.0068270
0.0068224
0.0068184
0.0068142
0.0068093
0.0068039
0.0067995
0.0067956
0.0067920
0.0067881
0.0067843
0.0067798
0.0067749
0.0067701
0.0067654
0.0067617
0.0067577
0.0067543
0.0067500
0.0067454
0.0067400
0.0067360
0.0067313
0.0067274
0.0067230
0.0067184
0.0067151
0.0067114
0.0067078
0.0067045
0.0067003
0.0066965
0.0066926
0.0066885
0.0066844
0.0066805
0.0066770
0.0066732
0.0066701
0.0066669
0.0066634
0.0066607
0.0066587
0.0066565
0.0066545
0.0066524
0.0066506
0.0066484
0.0066462
0.0066445
0.0066435
0.0066428
0.0066426
0.0066418
0.0066416
0.0066425
0.0066431
0.0066439
0.0066439
0.0066443
0.0066445
0.0066441
0.0066432
0.0066423
0.0066419
0.0066413
0.0066406
0.0066395
0.0066388
0.0066395
0.0066400
0.0066416
0.0066423
0.0066421
0.0066416
0.0066409
0.0066402
0.0066393
0.0066388
0.0066381
0.0066377
0.0066372
0.0066369
0.0066368
0.0066362
0.0066353
0.0066346
0.0066343
0.0066335
0.0066322
0.0066309
0.0066300
0.0066288
0.0066277
0.0066260
0.0066238
0.0066218
0.0066204
0.0066193
0.0066177
0.0066157
0.0066141
0.0066128
0.0066115
0.0066112
0.0066103
0.0066095
0.0066083
0.0066070
0.0066061
0.0066048
0.0066034
0.0066020
0.0066004
0.0065986
0.0065968
0.0065962
0.0065954
0.0065948
0.0065943
0.0065944
0.0065955
0.0065961
0.0065964
0.0065965
0.0065964
0.0065972
0.0065985
0.0065999
0.0066011
0.0066023
0.0066033
0.0066042
0.0066044
0.0066047
0.0066049
0.0066051
0.0066055
0.0066064
0.0066064
0.0066073
0.0066071
0.0066059
0.0066047
0.0066029
0.0066008
0.0065984
0.0065965
0.0065951
0.0065939
0.0065926
0.0065908
0.0065880
0.0065850
0.0065820
0.0065799
0.0065785
0.0065774
0.0065766
0.0065763
0.0065757
0.0065757
0.0065769
0.0065778
0.0065787
0.0065800
0.0065810
0.0065813
0.0065817
0.0065813
0.0065810
0.0065806
0.0065797
0.0065788
0.0065778
0.0065768
0.0065753
0.0065738
0.0065714
0.0065696
0.0065673
0.0065655
0.0065630
0.0065612
0.0065597
0.0065588
0.0065577
0.0065560
0.0065543
0.0065527
0.0065516
0.0065503
0.0065491
0.0065477
0.0065462
0.0065447
0.0065439
0.0065429
0.0065426
0.0065420
0.0065409
0.0065396
0.0065384
0.0065371
0.0065362
0.0065353
0.0065334
0.0065318
0.0065301
0.0065278
0.0065263
0.0065253
0.0065241
0.0065232
0.0065231
0.0065224
0.0065220
0.0065222
0.0065228
0.0065240
0.0065250
0.0065263
0.0065265
0.0065268
0.0065269
0.0065265
0.0065262
0.0065252
0.0065239
0.0065228
0.0065219
0.0065202
0.0065175
0.0065146
0.0065116
0.0065086
0.0065062
0.0065043
0.0065019
0.0065003
0.0064991
0.0064981
0.0064971
0.0064958
0.0064952
0.0064937
0.0064920
0.0064899
0.0064879
0.0064861
0.0064838
0.0064815
0.0064789
0.0064763
0.0064735
0.0064710
0.0064686
0.0064670
0.0064656
0.0064644
0.0064633
0.0064629
0.0064630
0.0064624
0.0064626
0.0064629
0.0064640
0.0064654
0.0064662
0.0064667
0.0064669
0.0064658
0.0064639
0.0064622
0.0064610
0.0064590
0.0064572
0.0064557
0.0064537
0.0064522
0.0064513
0.0064508
0.0064507
0.0064508
0.0064508
0.0064510
0.0064515
0.0064512
0.0064507
0.0064504
0.0064499
0.0064501
0.0064506
0.0064514
0.0064516
0.0064507
0.0064489
0.0064466
0.0064437
0.0064411
0.0064385
0.0064362
0.0064339
0.0064317
0.0064298
0.0064283
0.0064260
0.0064232
0.0064201
0.0064162
0.0064118
0.0064080
0.0064044
0.0064009
0.0063971
0.0063936
0.0063896
0.0063853
0.0063804
0.0063756
0.0063712
0.0063668
0.0063626
0.0063583
0.0063539
0.0063493
0.0063447
0.0063400
0.0063359
0.0063311
0.0063258
0.0063204
0.0063157
0.0063109
0.0063057
0.0063004
0.0062949
0.0062890
0.0062839
0.0062797
0.0062756
0.0062712
0.0062664
0.0062618
0.0062570
0.0062528
0.0062488
0.0062448
0.0062411
0.0062366
0.0062335
0.0062303
0.0062272
0.0062244
0.0062213
0.0062183
0.0062152
0.0062127
0.0062106
0.0062086
0.0062060
0.0062027
0.0061993
0.0061960
0.0061929
0.0061901
0.0061882
0.0061858
0.0061834
0.0061810
0.0061783
0.0061759
0.0061735
0.0061708
0.0061681
0.0061657
0.0061635
0.0061610
0.0061593
0.0061576
0.0061562
0.0061558
0.0061547
0.0061536
0.0061523
0.0061513
0.0061500
0.0061487
0.0061472
0.0061454
0.0061436
0.0061429
0.0061420
0.0061417
0.0061409
0.0061399
0.0061394
0.0061391
0.0061380
0.0061371
0.0061360
0.0061341
0.0061325
0.0061307
0.0061295
0.0061283
0.0061276
0.0061270
0.0061262
0.0061261
0.0061260
0.0061267
0.0061262
0.0061259
0.0061256
0.0061247
0.0061241
0.0061236
0.0061230
0.0061219
0.0061204
0.0061192
0.0061181
0.0061174
0.0061163
0.0061146
0.0061127
0.0061113
0.0061102
0.0061093
0.0061083
0.0061075
0.0061073
0.0061067
0.0061066
0.0061065
0.0061069
0.0061070
0.0061073
0.0061079
0.0061082
0.0061084
0.0061083
0.0061078
0.0061075
0.0061079
0.0061086
0.0061093
0.0061104
0.0061112
0.0061114
0.0061114
0.0061119
0.0061123
0.0061127
0.0061136
0.0061139
0.0061150
0.0061157
0.0061170
0.0061174
0.0061186
0.0061202
0.0061221
0.0061242
0.0061255
0.0061271
0.0061293
0.0061313
0.0061331
0.0061362
0.0061394
0.0061421
0.0061455
0.0061493
0.0061534
0.0061569
0.0061607
0.0061644
0.0061680
0.0061709
0.0061744
0.0061770
0.0061795
0.0061816
0.0061838
0.0061860
0.0061890
0.0061919
0.0061947
0.0061973
0.0061998
0.0062029
0.0062066
0.0062103
0.0062139
0.0062177
0.0062216
0.0062249
0.0062275
0.0062300
0.0062324
0.0062349
0.0062374
0.0062407
0.0062437
0.0062461
0.0062480
0.0062498
0.0062519
0.0062539
0.0062561
0.0062585
0.0062605
0.0062626
0.0062657
0.0062693
0.0062727
0.0062766
0.0062807
0.0062845
0.0062878
0.0062911
0.0062942
0.0062968
0.0062984
0.0063007
0.0063023
0.0063043
0.0063061
0.0063072
0.0063079
0.0063088
0.0063088
0.0063097
0.0063098
0.0063103
0.0063112
0.0063114
0.0063121
0.0063122
0.0063125
0.0063121
0.0063117
0.0063119
0.0063116
0.0063109
0.0063104
0.0063095
0.0063085
0.0063074
0.0063067
0.0063056
0.0063046
0.0063029
0.0063014
0.0062993
0.0062973
0.0062946
0.0062919
0.0062892
0.0062870
0.0062848
0.0062826
0.0062804
0.0062775
0.0062745
0.0062718
0.0062690
0.0062661
0.0062627
0.0062580
0.0062535
0.0062481
0.0062428
0.0062373
0.0062313
0.0062257
0.0062201
0.0062149
0.0062101
0.0062048
0.0061996
0.0061935
0.0061876
0.0061817
0.0061760
0.0061704
0.0061655
0.0061605
0.0061559
0.0061511
0.0061459
0.0061411
0.0061358
0.0061306
0.0061259
0.0061212
0.0061170
0.0061129
0.0061090
0.0061058
0.0061025
0.0060993
0.0060963
0.0060929
0.0060897
0.0060860
0.0060816
0.0060770
0.0060731
0.0060688
0.0060654
0.0060620
0.0060583
0.0060538
0.0060485
0.0060437
0.0060394
0.0060344
0.0060292
0.0060240
0.0060196
0.0060156
0.0060115
0.0060070
0.0060020
0.0059971
0.0059927
0.0059883
0.0059843
0.0059804
0.0059759
0.0059724
0.0059686
0.0059651
0.0059610
0.0059577
0.0059544
0.0059514
0.0059485
0.0059456
0.0059425
0.0059397
0.0059367
0.0059333
0.0059299
0.0059258
0.0059212
0.0059168
0.0059118
0.0059071
0.0059023
0.0058979
0.0058941
0.0058901
0.0058864
0.0058832
0.0058799
0.0058765
0.0058737
0.0058715
0.0058693
0.0058665
0.0058636
0.0058607
0.0058575
0.0058547
0.0058518
0.0058493
0.0058467
0.0058440
0.0058409
0.0058383
0.0058359
0.0058334
0.0058304
0.0058277
0.0058253
0.0058231
0.0058201
0.0058173
0.0058140
0.0058111
0.0058083
0.0058055
0.0058028
0.0058003
0.0057977
0.0057947
0.0057929
0.0057910
0.0057891
0.0057867
0.0057842
0.0057820
0.0057785
0.0057747
0.0057704
0.0057668
0.0057636
0.0057613
0.0057599
0.0057591
0.0057591
0.0057583
0.0057573
0.0057552
0.0057530
0.0057516
0.0057511
0.0057513
0.0057518
0.0057515
0.0057505
0.0057491
0.0057474
0.0057447
0.0057423
0.0057403
0.0057390
0.0057374
0.0057359
0.0057340
0.0057327
0.0057316
0.0057309
0.0057296
0.0057289
0.0057282
0.0057273
0.0057264
0.0057251
0.0057241
0.0057230
0.0057216
0.0057205
0.0057195
0.0057188
0.0057189
0.0057189
0.0057195
0.0057206
0.0057222
0.0057233
0.0057243
0.0057252
0.0057262
0.0057267
0.0057268
0.0057268
0.0057270
0.0057275
0.0057272
0.0057271
0.0057280
0.0057279
0.0057266
0.0057247
0.0057240
0.0057222
0.0057202
0.0057178
0.0057156
0.0057129
0.0057101
0.0057079
0.0057057
0.0057038
0.0057017
0.0056996
0.0056976
0.0056955
0.0056933
0.0056912
0.0056890
0.0056876
0.0056868
0.0056855
0.0056833
0.0056810
0.0056799
0.0056781
0.0056766
0.0056744
0.0056723
0.0056712
0.0056696
0.0056677
0.0056657
0.0056632
0.0056605
0.0056583
0.0056561
0.0056537
0.0056515
0.0056489
0.0056461
0.0056436
0.0056411
0.0056390
0.0056367
0.0056337
0.0056308
0.0056281
0.0056252
0.0056222
0.0056196
0.0056166
0.0056137
0.0056109
0.0056078
0.0056045
0.0056012
0.0055974
0.0055944
0.0055916
0.0055887
0.0055860
0.0055833
0.0055805
0.0055777
0.0055748
0.0055717
0.0055690
0.0055664
0.0055635
0.0055610
0.0055587
0.0055566
0.0055549
0.0055539
0.0055529
0.0055520
0.0055509
0.0055489
0.0055478
0.0055475
0.0055469
0.0055460
0.0055439
0.0055419
0.0055408
0.0055394
0.0055382
0.0055375
0.0055378
0.0055371
0.0055366
0.0055363
0.0055361
0.0055355
0.0055348
0.0055340
0.0055342
0.0055340
0.0055336
0.0055329
0.0055323
0.0055322
0.0055321
0.0055319
0.0055319
0.0055319
0.0055321
0.0055328
0.0055333
0.0055337
0.0055338
0.0055342
0.0055354
0.0055366
0.0055372
0.0055384
0.0055404
0.0055422
0.0055437
0.0055449
0.0055463
0.0055481
0.0055499
0.0055514
0.0055522
0.0055525
0.0055529
0.0055530
0.0055531
0.0055527
0.0055513
0.0055503
0.0055497
0.0055490
0.0055479
0.0055465
0.0055450
0.0055439
0.0055427
0.0055418
0.0055417
0.0055411
0.0055405
0.0055394
0.0055382
0.0055374
0.0055369
0.0055370
0.0055374
0.0055374
0.0055368
0.0055361
0.0055348
0.0055334
0.0055320
0.0055308
0.0055301
0.0055296
0.0055294
0.0055297
0.0055298
0.0055304
0.0055302
0.0055297
0.0055287
0.0055279
0.0055266
0.0055264
0.0055265
0.0055268
0.0055276
0.0055280
0.0055282
0.0055274
0.0055267
0.0055252
0.0055234
0.0055214
0.0055194
0.0055183
0.0055172
0.0055159
0.0055144
0.0055126
0.0055110
0.0055092
0.0055072
0.0055045
0.0055021
0.0054996
0.0054968
0.0054947
0.0054924
0.0054904
0.0054888
0.0054869
0.0054841
0.0054808
0.0054771
0.0054727
0.0054685
0.0054641
0.0054597
0.0054557
0.0054522
0.0054491
0.0054455
0.0054418
0.0054373
0.0054326
0.0054283
0.0054232
0.0054185
0.0054139
0.0054093
0.0054049
0.0054009
0.0053962
0.0053915
0.0053879
0.0053847
0.0053817
0.0053784
0.0053751
0.0053721
0.0053688
0.0053659
0.0053636
0.0053613
0.0053600
0.0053589
0.0053578
0.0053566
0.0053556
0.0053546
0.0053534
0.0053510
0.0053489
0.0053467
0.0053446
0.0053427
0.0053405
0.0053386
0.0053366
0.0053352
0.0053330
0.0053311
0.0053299
0.0053287
0.0053267
0.0053249
0.0053226
0.0053198
0.0053162
0.0053126
0.0053090
0.0053063
0.0053045
0.0053022
0.0052997
0.0052969
0.0052936
0.0052900
0.0052873
0.0052847
0.0052819
0.0052783
0.0052743
0.0052709
0.0052673
0.0052629
0.0052579
0.0052533
0.0052492
0.0052449
0.0052400
0.0052350
0.0052297
0.0052247
0.0052196
0.0052142
0.0052083
0.0052026
0.0051967
0.0051911
0.0051854
0.0051803
0.0051760
0.0051725
0.0051691
0.0051657
0.0051618
0.0051587
0.0051551
0.0051520
0.0051489
0.0051470
0.0051451
0.0051428
0.0051406
0.0051379
0.0051348
0.0051324
0.0051298
0.0051269
0.0051237
0.0051200
0.0051162
0.0051126
0.0051094
0.0051059
0.0051020
0.0050976
0.0050935
0.0050889
0.0050845
0.0050807
0.0050774
0.0050746
0.0050713
0.0050681
0.0050655
0.0050623
0.0050590
0.0050554
0.0050525
0.0050509
0.0050487
0.0050457
0.0050428
0.0050401
0.0050377
0.0050351
0.0050326
0.0050305
0.0050284
0.0050262
0.0050245
0.0050233
0.0050224
0.0050215
0.0050207
0.0050192
0.0050175
0.0050154
0.0050140
0.0050121
0.0050104
0.0050078
0.0050045
0.0050015
0.0049981
0.0049947
0.0049918
0.0049890
0.0049864
0.0049849
0.0049835
0.0049824
0.0049810
0.0049798
0.0049783
0.0049766
0.0049749
0.0049738
0.0049721
0.0049710
0.0049698
0.0049696
0.0049693
0.0049693
0.0049698
0.0049700
0.0049705
0.0049705
0.0049709
0.0049722
0.0049745
0.0049762
0.0049779
0.0049795
0.0049806
0.0049809
0.0049812
0.0049809
0.0049803
0.0049801
0.0049794
0.0049789
0.0049783
0.0049778
0.0049770
0.0049756
0.0049741
0.0049724
0.0049712
0.0049703
0.0049687
0.0049676
0.0049664
0.0049654
0.0049653
0.0049653
0.0049653
0.0049651
0.0049646
0.0049648
0.0049653
0.0049664
0.0049677
0.0049695
0.0049709
0.0049732
0.0049753
0.0049776
0.0049802
0.0049826
0.0049854
0.0049881
0.0049899
0.0049918
0.0049940
0.0049965
0.0049980
0.0049993
0.0050013
0.0050027
0.0050036
0.0050045
0.0050050
0.0050053
0.0050068
0.0050087
0.0050113
0.0050142
0.0050168
0.0050192
0.0050204
0.0050220
0.0050236
0.0050246
0.0050261
0.0050274
0.0050287
0.0050293
0.0050290
0.0050287
0.0050285
0.0050280
0.0050276
0.0050275
0.0050279
0.0050282
0.0050290
0.0050291
0.0050294
0.0050303
0.0050307
0.0050301
0.0050290
0.0050284
0.0050273
0.0050264
0.0050256
0.0050249
0.0050245
0.0050244
0.0050244
0.0050242
0.0050237
0.0050229
0.0050221
0.0050214
0.0050210
0.0050199
0.0050182
0.0050157
0.0050139
0.0050122
0.0050103
0.0050087
0.0050068
0.0050053
0.0050039
0.0050025
0.0050006
0.0049982
0.0049955
0.0049924
0.0049882
0.0049847
0.0049814
0.0049780
0.0049743
0.0049703
0.0049657
0.0049605
0.0049552
0.0049500
0.0049446
0.0049391
0.0049331
0.0049268
0.0049204
0.0049145
0.0049088
0.0049019
0.0048958
0.0048910
0.0048863
0.0048813
0.0048762
0.0048704
0.0048661
0.0048614
0.0048562
0.0048512
0.0048466
0.0048422
0.0048382
0.0048341
0.0048301
0.0048260
0.0048219
0.0048182
0.0048140
0.0048111
0.0048090
0.0048073
0.0048059
0.0048039
0.0048021
0.0048001
0.0047991
0.0047979
0.0047962
0.0047943
0.0047919
0.0047894
0.0047867
0.0047856
0.0047849
0.0047845
0.0047842
0.0047840
0.0047845
0.0047849
0.0047846
0.0047847
0.0047853
0.0047860
0.0047872
0.0047890
0.0047906
0.0047916
0.0047920
0.0047924
0.0047924
0.0047920
0.0047914
0.0047910
0.0047907
0.0047902
0.0047898
0.0047897
0.0047899
0.0047901
0.0047898
0.0047895
0.0047891
0.0047891
0.0047894
0.0047898
0.0047896
0.0047892
0.0047893
0.0047893
0.0047899
0.0047904
0.0047911
0.0047915
0.0047918
0.0047923
0.0047924
0.0047924
0.0047923
0.0047916
0.0047909
0.0047901
0.0047888
0.0047869
0.0047846
0.0047820
0.0047797
0.0047777
0.0047757
0.0047735
0.0047717
0.0047702
0.0047684
0.0047670
0.0047658
0.0047648
0.0047634
0.0047628
0.0047622
0.0047615
0.0047602
0.0047588
0.0047575
0.0047558
0.0047540
0.0047519
0.0047497
0.0047469
0.0047440
0.0047409
0.0047372
0.0047334
0.0047296
0.0047262
0.0047226
0.0047189
0.0047143
0.0047096
0.0047058
0.0047027
0.0046994
0.0046951
0.0046912
0.0046870
0.0046832
0.0046794
0.0046753
0.0046708
0.0046674
0.0046644
0.0046617
0.0046599
0.0046582
0.0046565
0.0046554
0.0046537
0.0046522
0.0046506
0.0046490
0.0046472
0.0046451
0.0046431
0.0046414
0.0046400
0.0046380
0.0046357
0.0046333
0.0046305
0.0046280
0.0046256
0.0046236
0.0046213
0.0046196
0.0046183
0.0046173
0.0046157
0.0046148
0.0046139
0.0046129
0.0046122
0.0046124
0.0046122
0.0046112
0.0046101
0.0046087
0.0046079
0.0046071
0.0046056
0.0046040
0.0046028
0.0046017
0.0046001
0.0045977
0.0045945
0.0045910
0.0045874
0.0045843
0.0045806
0.0045769
0.0045727
0.0045689
0.0045654
0.0045621
0.0045591
0.0045558
0.0045533
0.0045505
0.0045471
0.0045437
0.0045401
0.0045372
0.0045345
0.0045314
0.0045284
0.0045251
0.0045220
0.0045197
0.0045176
0.0045158
0.0045147
0.0045134
0.0045116
0.0045092
0.0045065
0.0045040
0.0045011
0.0044975
0.0044941
0.0044905
0.0044874
0.0044850
0.0044822
0.0044792
0.0044758
0.0044737
0.0044713
0.0044691
0.0044667
0.0044643
0.0044622
0.0044602
0.0044580
0.0044567
0.0044551
0.0044534
0.0044525
0.0044514
0.0044508
0.0044500
0.0044498
0.0044499
0.0044499
0.0044498
0.0044503
0.0044503
0.0044500
0.0044491
0.0044483
0.0044475
0.0044457
0.0044435
0.0044414
0.0044402
0.0044394
0.0044390
0.0044381
0.0044370
0.0044356
0.0044345
0.0044339
0.0044336
0.0044338
0.0044336
0.0044337
0.0044346
0.0044354
0.0044366
0.0044370
0.0044375
0.0044374
0.0044380
0.0044377
0.0044367
0.0044357
0.0044350
0.0044344
0.0044338
0.0044323
0.0044308
0.0044294
0.0044286
0.0044278
0.0044268
0.0044263
0.0044268
0.0044271
0.0044279
0.0044287
0.0044301
0.0044317
0.0044331
0.0044347
0.0044362
0.0044381
0.0044397
0.0044414
0.0044426
0.0044435
0.0044446
0.0044466
0.0044484
0.0044500
0.0044513
0.0044520
0.0044533
0.0044551
0.0044567
0.0044584
0.0044602
0.0044615
0.0044622
0.0044634
0.0044643
0.0044659
0.0044675
0.0044697
0.0044720
0.0044738
0.0044754
0.0044762
0.0044763
0.0044762
0.0044757
0.0044751
0.0044746
0.0044738
0.0044730
0.0044727
0.0044716
0.0044704
0.0044692
0.0044679
0.0044660
0.0044646
0.0044631
0.0044610
0.0044591
0.0044565
0.0044538
0.0044521
0.0044500
0.0044483
0.0044472
0.0044463
0.0044454
0.0044439
0.0044419
0.0044408
0.0044400
0.0044393
0.0044390
0.0044387
0.0044385
0.0044378
0.0044381
0.0044380
0.0044382
0.0044384
0.0044384
0.0044390
0.0044386
0.0044381
0.0044376
0.0044372
0.0044365
0.0044365
0.0044364
0.0044364
0.0044366
0.0044367
0.0044367
0.0044367
0.0044363
0.0044366
0.0044370
0.0044373
0.0044379
0.0044389
0.0044392
0.0044396
0.0044389
0.0044382
0.0044372
0.0044363
0.0044352
0.0044343
0.0044335
0.0044326
0.0044325
0.0044323
0.0044320
0.0044313
0.0044301
0.0044285
0.0044262
0.0044240
0.0044217
0.0044193
0.0044163
0.0044129
0.0044096
0.0044070
0.0044048
0.0044017
0.0043988
0.0043964
0.0043942
0.0043922
0.0043900
0.0043881
0.0043867
0.0043853
0.0043842
0.0043828
0.0043812
0.0043799
0.0043787
0.0043779
0.0043771
0.0043766
0.0043762
0.0043754
0.0043747
0.0043744
0.0043737
0.0043727
0.0043720
0.0043712
0.0043698
0.0043682
0.0043675
0.0043671
0.0043662
0.0043644
0.0043621
0.0043601
0.0043588
0.0043577
0.0043568
0.0043558
0.0043555
0.0043551
0.0043548
0.0043545
0.0043539
0.0043536
0.0043525
0.0043516
0.0043514
0.0043511
0.0043504
0.0043495
0.0043490
0.0043489
0.0043478
0.0043465
0.0043451
0.0043431
0.0043412
0.0043392
0.0043369
0.0043351
0.0043332
0.0043307
0.0043281
0.0043260
0.0043242
0.0043230
0.0043213
0.0043192
0.0043177
0.0043163
0.0043146
0.0043133
0.0043124
0.0043114
0.0043104
0.0043092
0.0043080
0.0043071
0.0043065
0.0043059
0.0043055
0.0043050
0.0043046
0.0043039
0.0043036
0.0043032
0.0043032
0.0043031
0.0043032
0.0043037
0.0043041
0.0043040
0.0043038
0.0043036
0.0043032
0.0043032
0.0043037
0.0043040
0.0043041
0.0043045
0.0043046
0.0043053
0.0043053
0.0043059
0.0043063
0.0043078
0.0043089
0.0043102
0.0043123
0.0043143
0.0043155
0.0043164
0.0043173
0.0043187
0.0043200
0.0043216
0.0043238
0.0043259
0.0043283
0.0043304
0.0043322
0.0043330
0.0043333
0.0043336
0.0043341
0.0043344
0.0043352
0.0043355
0.0043354
0.0043348
0.0043344
0.0043335
0.0043320
0.0043303
0.0043288
0.0043273
0.0043256
0.0043237
0.0043217
0.0043201
0.0043182
0.0043159
0.0043140
0.0043126
0.0043114
0.0043102
0.0043090
0.0043081
0.0043073
0.0043073
0.0043072
0.0043074
0.0043079
0.0043085
0.0043090
0.0043091
0.0043087
0.0043091
0.0043093
0.0043095
0.0043094
0.0043094
0.0043093
0.0043094
0.0043089
0.0043088
0.0043087
0.0043087
0.0043088
0.0043087
0.0043083
0.0043082
0.0043081
0.0043076
0.0043071
0.0043064
0.0043059
0.0043045
0.0043031
0.0043023
0.0043013
0.0042986
0.0042959
0.0042930
0.0042899
0.0042876
0.0042853
0.0042836
0.0042822
0.0042808
0.0042793
0.0042780
0.0042768
0.0042751
0.0042735
0.0042714
0.0042694
0.0042674
0.0042656
0.0042633
0.0042603
0.0042574
0.0042547
0.0042515
0.0042495
0.0042484
0.0042470
0.0042456
0.0042451
0.0042443
0.0042436
0.0042428
0.0042420
0.0042410
0.0042401
0.0042399
0.0042394
0.0042385
0.0042377
0.0042373
0.0042364
0.0042353
0.0042344
0.0042334
0.0042326
0.0042321
0.0042314
0.0042300
0.0042292
0.0042285
0.0042272
0.0042263
0.0042259
0.0042253
0.0042237
0.0042224
0.0042212
0.0042200
0.0042184
0.0042156
0.0042126
0.0042089
0.0042059
0.0042035
0.0042011
0.0041988
0.0041970
0.0041954
0.0041945
0.0041930
0.0041912
0.0041895
0.0041878
0.0041855
0.0041828
0.0041805
0.0041783
0.0041760
0.0041743
0.0041725
0.0041710
0.0041692
0.0041681
0.0041666
0.0041656
0.0041643
0.0041633
0.0041623
0.0041612
0.0041599
0.0041597
0.0041598
0.0041594
0.0041585
0.0041571
0.0041556
0.0041538
0.0041519
0.0041498
0.0041476
0.0041448
0.0041421
0.0041400
0.0041381
0.0041353
0.0041320
0.0041288
0.0041262
0.0041240
0.0041218
0.0041197
0.0041183
0.0041168
0.0041154
0.0041151
0.0041151
0.0041149
0.0041138
0.0041124
0.0041112
0.0041104
0.0041101
0.0041108
0.0041122
0.0041139
0.0041156
0.0041175
0.0041202
0.0041225
0.0041253
0.0041278
0.0041301
0.0041322
0.0041337
0.0041353
0.0041372
0.0041395
0.0041423
0.0041444
0.0041472
0.0041500
0.0041526
0.0041547
0.0041559
0.0041566
0.0041569
0.0041570
0.0041570
0.0041571
0.0041569
0.0041567
0.0041568
0.0041568
0.0041566
0.0041561
0.0041549
0.0041543
0.0041531
0.0041520
0.0041519
0.0041521
0.0041526
0.0041537
0.0041552
0.0041570
0.0041587
0.0041610
0.0041631
0.0041654
0.0041676
0.0041689
0.0041699
0.0041707
0.0041720
0.0041733
0.0041750
0.0041764
0.0041780
0.0041791
0.0041815
0.0041841
0.0041859
0.0041871
0.0041883
0.0041902
0.0041920
0.0041940
0.0041950
0.0041958
0.0041967
0.0041975
0.0041987
0.0042004
0.0042025
0.0042056
0.0042085
0.0042108
0.0042128
0.0042147
0.0042169
0.0042186
0.0042200
0.0042221
0.0042239
0.0042258
0.0042280
0.0042297
0.0042319
0.0042342
0.0042367
0.0042379
0.0042386
0.0042392
0.0042396
0.0042399
0.0042396
0.0042385
0.0042372
0.0042362
0.0042348
0.0042328
0.0042312
0.0042290
0.0042270
0.0042258
0.0042241
0.0042228
0.0042219
0.0042214
0.0042207
0.0042194
0.0042182
0.0042163
0.0042146
0.0042133
0.0042120
0.0042103
0.0042091
0.0042086
0.0042080
0.0042076
0.0042076
0.0042073
0.0042070
0.0042068
0.0042073
0.0042074
0.0042071
0.0042072
0.0042076
0.0042082
0.0042089
0.0042093
0.0042104
0.0042114
0.0042128
0.0042137
0.0042146
0.0042151
0.0042149
0.0042135
0.0042121
0.0042105
0.0042084
0.0042063
0.0042044
0.0042027
0.0042007
0.0041992
0.0041980
0.0041968
0.0041958
0.0041947
0.0041941
0.0041942
0.0041948
0.0041958
0.0041964
0.0041968
0.0041973
0.0041980
0.0041984
0.0041988
0.0041989
0.0041994
0.0041991
0.0041983
0.0041980
0.0041979
0.0041969
0.0041960
0.0041952
0.0041944
0.0041933
0.0041921
0.0041916
0.0041912
0.0041903
0.0041887
0.0041878
0.0041872
0.0041880
0.0041886
0.0041894
0.0041910
0.0041929
0.0041945
0.0041958
0.0041976
0.0041999
0.0042016
0.0042039
0.0042062
0.0042077
0.0042092
0.0042111
0.0042132
0.0042158
0.0042176
0.0042192
0.0042206
0.0042221
0.0042235
0.0042248
0.0042263
0.0042277
0.0042284
0.0042290
0.0042294
0.0042303
0.0042304
0.0042313
0.0042326
0.0042340
0.0042352
0.0042363
0.0042368
0.0042376
0.0042382
0.0042385
0.0042388
0.0042387
0.0042385
0.0042384
0.0042379
0.0042370
0.0042357
0.0042345
0.0042330
0.0042315
0.0042301
0.0042282
0.0042268
0.0042258
0.0042252
0.0042249
0.0042245
0.0042239
0.0042234
0.0042224
0.0042212
0.0042195
0.0042176
0.0042162
0.0042145
0.0042129
0.0042108
0.0042090
0.0042078
0.0042060
0.0042042
0.0042024
0.0042003
0.0041982
0.0041958
0.0041933
0.0041912
0.0041890
0.0041868
0.0041843
0.0041813
0.0041789
0.0041765
0.0041744
0.0041723
0.0041704
0.0041691
0.0041677
0.0041663
0.0041650
0.0041642
0.0041632
0.0041623
0.0041622
0.0041616
0.0041604
0.0041592
0.0041575
0.0041562
0.0041546
0.0041523
0.0041502
0.0041487
0.0041469
0.0041452
0.0041431
0.0041410
0.0041389
0.0041375
0.0041359
0.0041342
0.0041327
0.0041309
0.0041292
0.0041284
0.0041272
0.0041270
0.0041269
0.0041263
0.0041255
0.0041242
0.0041224
0.0041203
0.0041188
0.0041174
0.0041160
0.0041151
0.0041133
0.0041115
0.0041103
0.0041092
0.0041081
0.0041071
0.0041059
0.0041046
0.0041036
0.0041029
0.0041020
0.0041018
0.0041016
0.0041016
0.0041016
0.0041018
0.0041014
0.0041018
0.0041016
0.0041011
0.0041010
0.0041009
0.0041009
0.0041005
0.0041001
0.0040990
0.0040982
0.0040975
0.0040963
0.0040949
0.0040935
0.0040924
0.0040916
0.0040910
0.0040901
0.0040884
0.0040854
0.0040820
0.0040790
0.0040770
0.0040752
0.0040728
0.0040703
0.0040683
0.0040659
0.0040637
0.0040605
0.0040572
0.0040539
0.0040503
0.0040466
0.0040429
0.0040395
0.0040360
0.0040326
0.0040290
0.0040252
0.0040220
0.0040181
0.0040144
0.0040108
0.0040071
0.0040040
0.0040013
0.0039987
0.0039957
0.0039931
0.0039903
0.0039885
0.0039864
0.0039848
0.0039835
0.0039821
0.0039809
0.0039805
0.0039797
0.0039785
0.0039777
0.0039767
0.0039766
0.0039769
0.0039772
0.0039778
0.0039786
0.0039791
0.0039801
0.0039819
0.0039835
0.0039842
0.0039839
0.0039838
0.0039836
0.0039831
0.0039822
0.0039803
0.0039786
0.0039765
0.0039743
0.0039721
0.0039692
0.0039666
0.0039645
0.0039621
0.0039592
0.0039557
0.0039518
0.0039475
0.0039433
0.0039396
0.0039366
0.0039335
0.0039313
0.0039297
0.0039280
0.0039265
0.0039252
0.0039238
0.0039228
0.0039212
0.0039200
0.0039190
0.0039183
0.0039177
0.0039164
0.0039151
0.0039147
0.0039146
0.0039146
0.0039146
0.0039145
0.0039144
0.0039144
0.0039149
0.0039155
0.0039164
0.0039182
0.0039193
0.0039205
0.0039223
0.0039238
0.0039252
0.0039269
0.0039291
0.0039307
0.0039316
0.0039324
0.0039335
0.0039345
0.0039351
0.0039363
0.0039380
0.0039392
0.0039406
0.0039424
0.0039448
0.0039473
0.0039497
0.0039518
0.0039534
0.0039551
0.0039572
0.0039599
0.0039626
0.0039653
0.0039681
0.0039713
0.0039745
0.0039779
0.0039813
0.0039847
0.0039878
0.0039904
0.0039925
0.0039945
0.0039958
0.0039976
0.0039983
0.0039981
0.0039974
0.0039968
0.0039961
0.0039957
0.0039955
0.0039947
0.0039932
0.0039914
0.0039890
0.0039871
0.0039853
0.0039839
0.0039822
0.0039800
0.0039777
0.0039754
0.0039741
0.0039726
0.0039707
0.0039688
0.0039671
0.0039655
0.0039639
0.0039629
0.0039625
0.0039617
0.0039605
0.0039590
0.0039582
0.0039571
0.0039566
0.0039561
0.0039550
0.0039535
0.0039519
0.0039504
0.0039493
0.0039480
0.0039461
0.0039445
0.0039426
0.0039411
0.0039396
0.0039380
0.0039362
0.0039339
0.0039309
0.0039282
0.0039257
0.0039230
0.0039198
0.0039166
0.0039135
0.0039104
0.0039073
0.0039036
0.0038999
0.0038959
0.0038914
0.0038879
0.0038854
0.0038833
0.0038809
0.0038780
0.0038751
0.0038720
0.0038692
0.0038658
0.0038622
0.0038584
0.0038552
0.0038514
0.0038473
0.0038430
0.0038393
0.0038359
0.0038327
0.0038292
0.0038262
0.0038241
0.0038219
0.0038205
0.0038189
0.0038176
0.0038153
0.0038120
0.0038096
0.0038066
0.0038040
0.0038017
0.0038002
0.0037984
0.0037964
0.0037948
0.0037926
0.0037922
0.0037919
0.0037913
0.0037909
0.0037909
0.0037906
0.0037905
0.0037900
0.0037901
0.0037891
0.0037877
0.0037862
0.0037854
0.0037842
0.0037830
0.0037818
0.0037812
0.0037811
0.0037806
0.0037797
0.0037783
0.0037770
0.0037757
0.0037752
0.0037755
0.0037765
0.0037774
0.0037772
0.0037775
0.0037773
0.0037770
0.0037766
0.0037774
0.0037784
0.0037791
0.0037797
0.0037804
0.0037807
0.0037811
0.0037809
0.0037803
0.0037793
0.0037781
0.0037769
0.0037753
0.0037734
0.0037713
0.0037702
0.0037693
0.0037692
0.0037699
0.0037699
0.0037703
0.0037703
0.0037705
0.0037704
0.0037708
0.0037711
0.0037709
0.0037700
0.0037692
0.0037689
0.0037683
0.0037679
0.0037681
0.0037678
0.0037674
0.0037665
0.0037653
0.0037635
0.0037612
0.0037596
0.0037574
0.0037562
0.0037544
0.0037526
0.0037504
0.0037480
0.0037462
0.0037443
0.0037428
0.0037415
0.0037408
0.0037406
0.0037405
0.0037403
0.0037408
0.0037418
0.0037432
0.0037440
0.0037438
0.0037433
0.0037424
0.0037413
0.0037402
0.0037395
0.0037382
0.0037370
0.0037348
0.0037335
0.0037318
0.0037304
0.0037296
0.0037296
0.0037298
0.0037294
0.0037286
0.0037276
0.0037265
0.0037256
0.0037247
0.0037234
0.0037212
0.0037191
0.0037171
0.0037149
0.0037130
0.0037116
0.0037103
0.0037092
0.0037071
0.0037046
0.0037020
0.0037000
0.0036985
0.0036972
0.0036963
0.0036952
0.0036941
0.0036929
0.0036915
0.0036898
0.0036880
0.0036859
0.0036840
0.0036818
0.0036796
0.0036780
0.0036761
0.0036744
0.0036727
0.0036706
0.0036687
0.0036674
0.0036664
0.0036651
0.0036639
0.0036622
0.0036602
0.0036583
0.0036566
0.0036554
0.0036538
0.0036520
0.0036496
0.0036468
0.0036432
0.0036395
0.0036346
0.0036298
0.0036248
0.0036197
0.0036147
0.0036101
0.0036053
0.0036002
0.0035950
0.0035893
0.0035843
0.0035803
0.0035759
0.0035716
0.0035669
0.0035624
0.0035580
0.0035533
0.0035474
0.0035423
0.0035375
0.0035323
0.0035276
0.0035231
0.0035188
0.0035146
0.0035102
0.0035063
0.0035025
0.0034989
0.0034950
0.0034911
0.0034872
0.0034838
0.0034800
0.0034757
0.0034716
0.0034669
0.0034617
0.0034566
0.0034512
0.0034459
0.0034404
0.0034349
0.0034289
0.0034239
0.0034196
0.0034157
0.0034122
0.0034082
0.0034042
0.0034005
0.0033970
0.0033931
0.0033892
0.0033858
0.0033825
0.0033795
0.0033766
0.0033738
0.0033715
0.0033687
0.0033661
0.0033630
0.0033596
0.0033556
0.0033516
0.0033473
0.0033433
0.0033395
0.0033360
0.0033328
0.0033294
0.0033258
0.0033222
0.0033190
0.0033158
0.0033132
0.0033102
0.0033074
0.0033044
0.0033013
0.0032985
0.0032963
0.0032948
0.0032936
0.0032921
0.0032902
0.0032881
0.0032865
0.0032844
0.0032826
0.0032803
0.0032785
0.0032765
0.0032749
0.0032743
0.0032733
0.0032717
0.0032697
0.0032674
0.0032651
0.0032620
0.0032587
0.0032557
0.0032529
0.0032501
0.0032475
0.0032452
0.0032421
0.0032395
0.0032370
0.0032341
0.0032310
0.0032283
0.0032250
0.0032217
0.0032180
0.0032145
0.0032120
0.0032100
0.0032069
0.0032041
0.0032016
0.0031991
0.0031972
0.0031958
0.0031948
0.0031932
0.0031923
0.0031912
0.0031896
0.0031874
0.0031852
0.0031832
0.0031811
0.0031779
0.0031745
0.0031709
0.0031675
0.0031640
0.0031610
0.0031587
0.0031559
0.0031535
0.0031512
0.0031485
0.0031464
0.0031447
0.0031435
0.0031428
0.0031424
0.0031421
0.0031412
0.0031402
0.0031395
0.0031390
0.0031394
0.0031400
0.0031408
0.0031420
0.0031430
0.0031433
0.0031440
0.0031442
0.0031434
0.0031432
0.0031437
0.0031442
0.0031451
0.0031463
0.0031471
0.0031475
0.0031485
0.0031494
0.0031498
0.0031504
0.0031512
0.0031523
0.0031543
0.0031555
0.0031570
0.0031586
0.0031599
0.0031606
0.0031612
0.0031610
0.0031604
0.0031604
0.0031603
0.0031600
0.0031596
0.0031594
0.0031594
0.0031600
0.0031601
0.0031598
0.0031594
0.0031588
0.0031588
0.0031590
0.0031587
0.0031585
0.0031580
0.0031579
0.0031575
0.0031573
0.0031567
0.0031564
0.0031561
0.0031558
0.0031554
0.0031544
0.0031527
0.0031500
0.0031479
0.0031456
0.0031428
0.0031411
0.0031397
0.0031381
0.0031360
0.0031335
0.0031319
0.0031305
0.0031291
0.0031282
0.0031281
0.0031280
0.0031280
0.0031281
0.0031283
0.0031285
0.0031278
0.0031268
0.0031261
0.0031248
0.0031236
0.0031228
0.0031216
0.0031207
0.0031199
0.0031193
0.0031187
0.0031187
0.0031190
0.0031187
0.0031181
0.0031184
0.0031189
0.0031189
0.0031193
0.0031202
0.0031208
0.0031216
0.0031222
0.0031231
0.0031234
0.0031239
0.0031237
0.0031237
0.0031235
0.0031229
0.0031221
0.0031214
0.0031210
0.0031210
0.0031203
0.0031201
0.0031194
0.0031188
0.0031178
0.0031172
0.0031169
0.0031162
0.0031159
0.0031164
0.0031169
0.0031170
0.0031174
0.0031181
0.0031184
0.0031190
0.0031191
0.0031189
0.0031188
0.0031186
0.0031186
0.0031182
0.0031170
0.0031161
0.0031154
0.0031148
0.0031152
0.0031158
0.0031159
0.0031165
0.0031170
0.0031182
0.0031192
0.0031199
0.0031209
0.0031215
0.0031226
0.0031233
0.0031237
0.0031246
0.0031257
0.0031274
0.0031292
0.0031310
0.0031329
0.0031349
0.0031367
0.0031378
0.0031392
0.0031404
0.0031414
0.0031431
0.0031450
0.0031466
0.0031481
0.0031496
0.0031503
0.0031504
0.0031501
0.0031502
0.0031504
0.0031511
0.0031517
0.0031518
0.0031520
0.0031520
0.0031512
0.0031505
0.0031493
0.0031485
0.0031483
0.0031480
0.0031472
0.0031466
0.0031460
0.0031458
0.0031457
0.0031455
0.0031455
0.0031456
0.0031449
0.0031443
0.0031440
0.0031429
0.0031420
0.0031404
0.0031397
0.0031389
0.0031385
0.0031380
0.0031380
0.0031383
0.0031379
0.0031382
0.0031385
0.0031383
0.0031378
0.0031370
0.0031363
0.0031357
0.0031353
0.0031347
0.0031342
0.0031343
0.0031350
0.0031365
0.0031380
0.0031391
0.0031391
0.0031383
0.0031380
0.0031379
0.0031375
0.0031377
0.0031382
0.0031386
0.0031399
0.0031411
0.0031424
0.0031436
0.0031449
0.0031461
0.0031473
0.0031482
0.0031494
0.0031507
0.0031517
0.0031518
0.0031521
0.0031521
0.0031515
0.0031509
0.0031501
0.0031497
0.0031494
0.0031483
0.0031482
0.0031477
0.0031475
0.0031469
0.0031465
0.0031466
0.0031469
0.0031478
0.0031488
0.0031501
0.0031512
0.0031524
0.0031536
0.0031553
0.0031564
0.0031570
0.0031576
0.0031586
0.0031592
0.0031598
0.0031607
0.0031622
0.0031638
0.0031646
0.0031656
0.0031674
0.0031687
0.0031700
0.0031715
0.0031728
0.0031742
0.0031752
0.0031764
0.0031778
0.0031795
0.0031808
0.0031820
0.0031828
0.0031844
0.0031860
0.0031875
0.0031894
0.0031921
0.0031949
0.0031975
0.0031999
0.0032017
0.0032031
0.0032050
0.0032067
0.0032095
0.0032123
0.0032147
0.0032174
0.0032204
0.0032232
0.0032261
0.0032293
0.0032325
0.0032361
0.0032392
0.0032428
0.0032464
0.0032505
0.0032543
0.0032578
0.0032618
0.0032653
0.0032683
0.0032709
0.0032727
0.0032747
0.0032763
0.0032773
0.0032783
0.0032792
0.0032803
0.0032818
0.0032840
0.0032852
0.0032866
0.0032882
0.0032897
0.0032921
0.0032941
0.0032960
0.0032978
0.0032994
0.0033009
0.0033027
0.0033047
0.0033061
0.0033077
0.0033091
0.0033100
0.0033111
0.0033117
0.0033122
0.0033129
0.0033132
0.0033139
0.0033145
0.0033154
0.0033163
0.0033169
0.0033173
0.0033176
0.0033178
0.0033175
0.0033180
0.0033183
0.0033185
0.0033186
0.0033187
0.0033189
0.0033193
0.0033193
0.0033196
0.0033197
0.0033201
0.0033200
0.0033199
0.0033192
0.0033189
0.0033182
0.0033173
0.0033165
0.0033149
0.0033131
0.0033114
0.0033108
0.0033097
0.0033082
0.0033070
0.0033055
0.0033037
0.0033021
0.0033000
0.0032978
0.0032960
0.0032945
0.0032931
0.0032912
0.0032897
0.0032878
0.0032859
0.0032838
0.0032819
0.0032797
0.0032774
0.0032756
0.0032743
0.0032730
0.0032726
0.0032725
0.0032723
0.0032724
0.0032718
0.0032712
0.0032715
0.0032718
0.0032727
0.0032737
0.0032744
0.0032750
0.0032756
0.0032754
0.0032758
0.0032768
0.0032772
0.0032777
0.0032782
0.0032789
0.0032794
0.0032799
0.0032804
0.0032803
0.0032809
0.0032815
0.0032819
0.0032811
0.0032798
0.0032790
0.0032775
0.0032764
0.0032753
0.0032742
0.0032729
0.0032710
0.0032689
0.0032676
0.0032666
0.0032660
0.0032649
0.0032637
0.0032626
0.0032612
0.0032596
0.0032578
0.0032562
0.0032546
0.0032521
0.0032495
0.0032463
0.0032435
0.0032402
0.0032374
0.0032346
0.0032317
0.0032284
0.0032253
0.0032221
0.0032192
0.0032169
0.0032145
0.0032110
0.0032088
0.0032071
0.0032051
0.0032029
0.0032011
0.0031998
0.0031988
0.0031975
0.0031969
0.0031967
0.0031966
0.0031971
0.0031980
0.0031990
0.0032009
0.0032026
0.0032036
0.0032051
0.0032059
0.0032061
0.0032067
0.0032069
0.0032072
0.0032075
0.0032071
0.0032076
0.0032085
0.0032097
0.0032112
0.0032128
0.0032145
0.0032163
0.0032180
0.0032201
0.0032224
0.0032243
0.0032255
0.0032272
0.0032290
0.0032313
0.0032331
0.0032356
0.0032386
0.0032414
0.0032436
0.0032455
0.0032471
0.0032483
0.0032502
0.0032519
0.0032539
0.0032558
0.0032581
0.0032593
0.0032602
0.0032610
0.0032617
0.0032626
0.0032637
0.0032646
0.0032653
0.0032653
0.0032648
0.0032646
0.0032643
0.0032642
0.0032648
0.0032648
0.0032650
0.0032652
0.0032651
0.0032645
0.0032643
0.0032644
0.0032651
0.0032651
0.0032651
0.0032652
0.0032660
0.0032670
0.0032682
0.0032692
0.0032702
0.0032702
0.0032703
0.0032707
0.0032709
0.0032713
0.0032708
0.0032702
0.0032699
0.0032692
0.0032687
0.0032677
0.0032670
0.0032662
0.0032658
0.0032652
0.0032647
0.0032644
0.0032634
0.0032633
0.0032632
0.0032629
0.0032629
0.0032634
0.0032644
0.0032659
0.0032677
0.0032696
0.0032724
0.0032749
0.0032771
0.0032795
0.0032814
0.0032828
0.0032841
0.0032851
0.0032864
0.0032874
0.0032894
0.0032921
0.0032947
0.0032975
0.0033000
0.0033022
0.0033041
0.0033061
0.0033084
0.0033106
0.0033126
0.0033147
0.0033172
0.0033196
0.0033228
0.0033264
0.0033302
0.0033338
0.0033375
0.0033411
0.0033451
0.0033490
0.0033529
0.0033564
0.0033588
0.0033611
0.0033638
0.0033662
0.0033681
0.0033691
0.0033693
0.0033698
0.0033699
0.0033703
0.0033705
0.0033703
0.0033702
0.0033701
0.0033702
0.0033707
0.0033717
0.0033719
0.0033717
0.0033719
0.0033712
0.0033705
0.0033695
0.0033676
0.0033665
0.0033653
0.0033642
0.0033637
0.0033634
0.0033638
0.0033641
0.0033639
0.0033626
0.0033610
0.0033598
0.0033579
0.0033561
0.0033548
0.0033530
0.0033502
0.0033478
0.0033451
0.0033423
0.0033395
0.0033379
0.0033364
0.0033355
0.0033344
0.0033337
0.0033333
0.0033331
0.0033335
0.0033343
0.0033348
0.0033357
0.0033361
0.0033369
0.0033380
0.0033392
0.0033402
0.0033413
0.0033424
0.0033427
0.0033436
0.0033444
0.0033449
0.0033453
0.0033454
0.0033458
0.0033459
0.0033470
0.0033490
0.0033508
0.0033525
0.0033539
0.0033557
0.0033579
0.0033595
0.0033615
0.0033627
0.0033638
0.0033651
0.0033658
0.0033667
0.0033673
0.0033673
0.0033672
0.0033677
0.0033677
0.0033672
0.0033667
0.0033661
0.0033652
0.0033649
0.0033651
0.0033659
0.0033670
0.0033686
0.0033703
0.0033713
0.0033718
0.0033723
0.0033729
0.0033736
0.0033741
0.0033741
0.0033743
0.0033745
0.0033753
0.0033765
0.0033776
0.0033794
0.0033807
0.0033819
0.0033827
0.0033828
0.0033831
0.0033830
0.0033835
0.0033838
0.0033840
0.0033842
0.0033843
0.0033844
0.0033845
0.0033845
0.0033841
0.0033838
0.0033829
0.0033817
0.0033802
0.0033792
0.0033782
0.0033772
0.0033754
0.0033743
0.0033729
0.0033715
0.0033707
0.0033705
0.0033705
0.0033699
0.0033688
0.0033678
0.0033671
0.0033666
0.0033659
0.0033650
0.0033642
0.0033639
0.0033643
0.0033646
0.0033645
0.0033641
0.0033645
0.0033651
0.0033658
0.0033660
0.0033661
0.0033658
0.0033656
0.0033648
0.0033635
0.0033616
0.0033605
0.0033581
0.0033556
0.0033531
0.0033504
0.0033474
0.0033444
0.0033407
0.0033369
0.0033338
0.0033302
0.0033269
0.0033232
0.0033204
0.0033177
0.0033149
0.0033119
0.0033085
0.0033045
0.0033003
0.0032955
0.0032909
0.0032864
0.0032823
0.0032778
0.0032735
0.0032689
0.0032643
0.0032596
0.0032549
0.0032497
0.0032443
0.0032393
0.0032348
0.0032300
0.0032257
0.0032209
0.0032163
0.0032115
0.0032061
0.0032005
0.0031956
0.0031911
0.0031870
0.0031833
0.0031794
0.0031750
0.0031706
0.0031667
0.0031632
0.0031592
0.0031553
0.0031512
0.0031473
0.0031433
0.0031393
0.0031343
0.0031296
0.0031245
0.0031196
0.0031144
0.0031097
0.0031055
0.0031007
0.0030966
0.0030931
0.0030900
0.0030869
0.0030836
0.0030802
0.0030778
0.0030753
0.0030732
0.0030710
0.0030688
0.0030660
0.0030630
0.0030596
0.0030561
0.0030526
0.0030493
0.0030456
0.0030423
0.0030394
0.0030357
0.0030317
0.0030277
0.0030241
0.0030210
0.0030178
0.0030149
0.0030118
0.0030088
0.0030067
0.0030043
0.0030021
0.0029997
0.0029971
0.0029944
0.0029916
0.0029888
0.0029860
0.0029841
0.0029824
0.0029808
0.0029791
0.0029771
0.0029749
0.0029723
0.0029697
0.0029679
0.0029658
0.0029635
0.0029608
0.0029581
0.0029560
0.0029533
0.0029516
0.0029495
0.0029472
0.0029456
0.0029441
0.0029420
0.0029398
0.0029386
0.0029375
0.0029369
0.0029363
0.0029354
0.0029350
0.0029349
0.0029348
0.0029342
0.0029337
0.0029336
0.0029336
0.0029338
0.0029337
0.0029339
0.0029344
0.0029345
0.0029348
0.0029347
0.0029351
0.0029356
0.0029357
0.0029360
0.0029359
0.0029363
0.0029369
0.0029369
0.0029383
0.0029394
0.0029402
0.0029400
0.0029397
0.0029397
0.0029396
0.0029395
0.0029393
0.0029387
0.0029387
0.0029386
0.0029386
0.0029381
0.0029378
0.0029377
0.0029385
0.0029396
0.0029407
0.0029423
0.0029438
0.0029453
0.0029469
0.0029484
0.0029503
0.0029516
0.0029528
0.0029541
0.0029550
0.0029559
0.0029572
0.0029585
0.0029593
0.0029598
0.0029609
0.0029620
0.0029632
0.0029643
0.0029655
0.0029675
0.0029693
0.0029714
0.0029733
0.0029745
0.0029753
0.0029767
0.0029778
0.0029791
0.0029799
0.0029814
0.0029828
0.0029839
0.0029850
0.0029867
0.0029885
0.0029910
0.0029935
0.0029955
0.0029978
0.0030006
0.0030038
0.0030064
0.0030082
0.0030097
0.0030111
0.0030128
0.0030153
0.0030179
0.0030207
0.0030234
0.0030262
0.0030291
0.0030316
0.0030337
0.0030347
0.0030348
0.0030347
0.0030343
0.0030336
0.0030329
0.0030326
0.0030318
0.0030309
0.0030298
0.0030288
0.0030269
0.0030248
0.0030222
0.0030198
0.0030175
0.0030153
0.0030137
0.0030119
0.0030103
0.0030085
0.0030068
0.0030046
0.0030024
0.0030005
0.0029987
0.0029973
0.0029964
0.0029954
0.0029945
0.0029939
0.0029928
0.0029917
0.0029909
0.0029898
0.0029885
0.0029873
0.0029871
0.0029877
0.0029890
0.0029904
0.0029915
0.0029930
0.0029945
0.0029958
0.0029976
0.0029996
0.0030019
0.0030049
0.0030074
0.0030094
0.0030112
0.0030127
0.0030144
0.0030162
0.0030185
0.0030199
0.0030214
0.0030229
0.0030246
0.0030258
0.0030273
0.0030288
0.0030307
0.0030326
0.0030352
0.0030374
0.0030393
0.0030412
0.0030431
0.0030448
0.0030465
0.0030483
0.0030499
0.0030519
0.0030537
0.0030552
0.0030570
0.0030597
0.0030625
0.0030654
0.0030679
0.0030701
0.0030724
0.0030754
0.0030784
0.0030814
0.0030848
0.0030876
0.0030907
0.0030933
0.0030952
0.0030973
0.0030990
0.0030999
0.0031004
0.0031014
0.0031025
0.0031032
0.0031040
0.0031045
0.0031053
0.0031061
0.0031069
0.0031078
0.0031088
0.0031096
0.0031098
0.0031099
0.0031108
0.0031115
0.0031116
0.0031107
0.0031096
0.0031085
0.0031073
0.0031068
0.0031054
0.0031031
0.0031011
0.0031000
0.0030991
0.0030973
