0.0278396
0.0252150
0.0230548
0.0212348
0.0196845
0.0183463
0.0171718
0.0161508
0.0152547
0.0144316
0.0136738
0.0129963
0.0123812
0.0118260
0.0113081
0.0108211
0.0103630
0.0099313
0.0095345
0.0091716
0.0088296
0.0084903
0.0081739
0.0078792
0.0076149
0.0073583
0.0071064
0.0068739
0.0066523
0.0064436
0.0062433
0.0060559
0.0058750
0.0056924
0.0055148
0.0053566
0.0052082
0.0050812
0.0049508
0.0048289
0.0047200
0.0046105
0.0045050
0.0043950
0.0042803
0.0041676
0.0040614
0.0039694
0.0038765
0.0037970
0.0037103
0.0036282
0.0035460
0.0034564
0.0033744
0.0033082
0.0032489
0.0031888
0.0031334
0.0030819
0.0030212
0.0029627
0.0028900
0.0028243
0.0027639
0.0026997
0.0026476
0.0025900
0.0025387
0.0024934
0.0024424
0.0023902
0.0023397
0.0023021
0.0022544
0.0022060
0.0021572
0.0021175
0.0020809
0.0020497
0.0020158
0.0019763
0.0019439
0.0019084
0.0018658
0.0018152
0.0017704
0.0017362
0.0017063
0.0016778
0.0016592
0.0016350
0.0016161
0.0015946
0.0015775
0.0015527
0.0015307
0.0015128
0.0014925
0.0014670
0.0014375
0.0014052
0.0013812
0.0013500
0.0013156
0.0012973
0.0012812
0.0012667
0.0012485
0.0012317
0.0012022
0.0011813
0.0011570
0.0011372
0.0011249
0.0011100
0.0011013
0.0010851
0.0010634
0.0010587
0.0010527
0.0010469
0.0010323
0.0010048
0.0009804
0.0009544
0.0009425
0.0009445
0.0009497
0.0009468
0.0009498
0.0009497
0.0009391
0.0009395
0.0009411
0.0009367
0.0009272
0.0009017
0.0008882
0.0008755
0.0008660
0.0008561
0.0008498
0.0008383
0.0008340
0.0008374
0.0008204
0.0008128
0.0008091
0.0007882
0.0007662
0.0007448
0.0007213
0.0006950
0.0006707
0.0006435
0.0006272
0.0006190
0.0006195
0.0006127
0.0006127
0.0006088
0.0006030
0.0005928
0.0005853
0.0005796
0.0005680
0.0005562
0.0005447
0.0005466
0.0005424
0.0005374
0.0005282
0.0005140
0.0004897
0.0004642
0.0004389
0.0004109
0.0003929
0.0003715
0.0003397
0.0003093
0.0002842
0.0002585
0.0002347
0.0002096
0.0001960
0.0001780
0.0001649
0.0001458
0.0001337
0.0001135
0.0000967
0.0000768
0.0000705
0.0000553
0.0000493
0.0000462
0.0000354
0.0000167
0.0000018
-0.0000091
-0.0000125
-0.0000042
-0.0000054
-0.0000144
-0.0000201
-0.0000428
-0.0000484
-0.0000448
-0.0000452
-0.0000401
-0.0000414
-0.0000497
-0.0000522
-0.0000579
-0.0000628
-0.0000668
-0.0000712
-0.0000646
-0.0000612
-0.0000663
-0.0000676
-0.0000653
-0.0000689
-0.0000651
-0.0000601
-0.0000626
-0.0000657
-0.0000766
-0.0000750
-0.0000826
-0.0000948
-0.0001014
-0.0001063
-0.0000961
-0.0000972
-0.0000992
-0.0000922
-0.0000940
-0.0001040
-0.0001080
-0.0001026
-0.0001041
-0.0000974
-0.0001079
-0.0001135
-0.0001196
-0.0001268
-0.0001244
-0.0001332
-0.0001517
-0.0001751
-0.0002007
-0.0002215
-0.0002421
-0.0002477
-0.0002559
-0.0002613
-0.0002489
-0.0002363
-0.0002257
-0.0002119
-0.0002053
-0.0001867
-0.0001672
-0.0001517
-0.0001488
-0.0001518
-0.0001613
-0.0001677
-0.0001728
-0.0001768
-0.0001798
-0.0001917
-0.0001987
-0.0001976
-0.0001939
-0.0001849
-0.0001814
-0.0001890
-0.0001802
-0.0001492
-0.0001270
-0.0001201
-0.0001172
-0.0001082
-0.0000790
-0.0000471
-0.0000289
-0.0000140
0.0000159
0.0000372
0.0000479
0.0000532
0.0000482
0.0000590
0.0000628
0.0000681
0.0000818
0.0000884
0.0001068
0.0001268
0.0001333
0.0001337
0.0001353
0.0001434
0.0001417
0.0001283
0.0001177
0.0001097
0.0001132
0.0001186
0.0001245
0.0001323
0.0001430
0.0001498
0.0001407
0.0001320
0.0001269
0.0001238
0.0001193
0.0001221
0.0001261
0.0001348
0.0001366
0.0001509
0.0001617
0.0001716
0.0001716
0.0001683
0.0001734
0.0001775
0.0001856
0.0001850
0.0001808
0.0001774
0.0001825
0.0001763
0.0001564
0.0001444
0.0001426
0.0001402
0.0001306
0.0001255
0.0001251
0.0001224
0.0001117
0.0001131
0.0001093
0.0001071
0.0001096
0.0001187
0.0001144
0.0001179
0.0001295
0.0001417
0.0001578
0.0001591
0.0001549
0.0001519
0.0001612
0.0001697
0.0001764
0.0001759
0.0001644
0.0001578
0.0001603
0.0001648
0.0001671
0.0001786
0.0001760
0.0001745
0.0001661
0.0001533
0.0001442
0.0001436
0.0001370
0.0001356
0.0001438
0.0001456
0.0001460
0.0001576
0.0001557
0.0001582
0.0001494
0.0001430
0.0001401
0.0001309
0.0001323
0.0001295
0.0001414
0.0001635
0.0001758
0.0001846
0.0001823
0.0001784
0.0001670
0.0001637
0.0001416
0.0001389
0.0001455
0.0001644
0.0001732
0.0001817
0.0001875
0.0001902
0.0001939
0.0001977
0.0001918
0.0001933
0.0001970
0.0002038
0.0002072
0.0002133
0.0002310
0.0002390
0.0002448
0.0002463
0.0002406
0.0002477
0.0002566
0.0002586
0.0002618
0.0002897
0.0003050
0.0003162
0.0003170
0.0003262
0.0003374
0.0003511
0.0003583
0.0003746
0.0003840
0.0003883
0.0003825
0.0003749
0.0003609
0.0003440
0.0003187
0.0003124
0.0003057
0.0002951
0.0002886
0.0002769
0.0002687
0.0002646
0.0002618
0.0002734
0.0002887
0.0003058
0.0003290
0.0003390
0.0003436
0.0003531
0.0003589
0.0003466
0.0003569
0.0003581
0.0003496
0.0003561
0.0003589
0.0003540
0.0003438
0.0003333
0.0003216
0.0003063
0.0002919
0.0002799
0.0002646
0.0002644
0.0002553
0.0002414
0.0002450
0.0002484
0.0002466
0.0002582
0.0002540
0.0002533
0.0002515
0.0002636
0.0002658
0.0002726
0.0002748
0.0002736
0.0002662
0.0002662
0.0002684
0.0002827
0.0002889
0.0003062
0.0003161
0.0003180
0.0003207
0.0003185
0.0003074
0.0002979
0.0003008
0.0003004
0.0002925
0.0002819
0.0002834
0.0002958
0.0003007
0.0003064
0.0002998
0.0002922
0.0002789
0.0002648
0.0002560
0.0002546
0.0002410
0.0002358
0.0002241
0.0002333
0.0002277
0.0002255
0.0002181
0.0002028
0.0001930
0.0001919
0.0001919
0.0001924
0.0001965
0.0002054
0.0002075
0.0002116
0.0002148
0.0002102
0.0002005
0.0001870
0.0001757
0.0001694
0.0001557
0.0001423
0.0001197
0.0001051
0.0001037
0.0000945
0.0000818
0.0000735
0.0000766
0.0000814
0.0000775
0.0000698
0.0000807
0.0000876
0.0000945
0.0001002
0.0001084
0.0001160
0.0001153
0.0001163
0.0001227
0.0001325
0.0001298
0.0001215
0.0001174
0.0001060
0.0000965
0.0000822
0.0000587
0.0000357
0.0000254
0.0000091
0.0000017
-0.0000067
-0.0000112
-0.0000197
-0.0000130
-0.0000159
-0.0000106
0.0000001
0.0000176
0.0000278
0.0000305
0.0000151
0.0000106
0.0000075
0.0000047
-0.0000030
-0.0000245
-0.0000350
-0.0000460
-0.0000625
-0.0000630
-0.0000649
-0.0000591
-0.0000470
-0.0000419
-0.0000306
-0.0000245
-0.0000186
-0.0000154
-0.0000090
0.0000047
0.0000225
0.0000449
0.0000664
0.0000746
0.0000842
0.0000929
0.0000855
0.0000811
0.0000813
0.0000932
0.0001063
0.0001220
0.0001331
0.0001489
0.0001575
0.0001605
0.0001649
0.0001621
0.0001583
0.0001663
0.0001618
0.0001483
0.0001356
0.0001255
0.0001309
0.0001426
0.0001448
0.0001478
0.0001626
0.0001849
0.0002034
0.0002145
0.0002209
0.0002166
0.0002162
0.0002069
0.0002031
0.0001991
0.0001910
0.0001820
0.0001732
0.0001617
0.0001594
0.0001619
0.0001724
0.0001976
0.0002189
0.0002458
0.0002552
0.0002615
0.0002697
0.0002764
0.0002791
0.0002635
0.0002583
0.0002617
0.0002602
0.0002587
0.0002621
0.0002687
0.0002728
0.0002787
0.0002682
0.0002655
0.0002560
0.0002452
0.0002389
0.0002322
0.0002251
0.0002184
0.0002020
0.0001767
0.0001628
0.0001594
0.0001542
0.0001548
0.0001589
0.0001683
0.0001802
0.0001791
0.0001810
0.0001819
0.0001760
0.0001828
0.0001828
0.0001788
0.0001693
0.0001623
0.0001505
0.0001406
0.0001268
0.0001139
0.0001062
0.0001033
0.0000991
0.0001096
0.0001146
0.0001099
0.0001096
0.0001188
0.0001097
0.0000940
0.0000889
0.0000813
0.0000751
0.0000704
0.0000618
0.0000502
0.0000367
0.0000202
0.0000009
0.0000017
0.0000045
0.0000067
0.0000032
0.0000052
0.0000033
-0.0000007
-0.0000088
-0.0000117
-0.0000114
-0.0000155
-0.0000019
0.0000090
0.0000168
0.0000243
0.0000248
0.0000160
0.0000045
0.0000015
-0.0000043
-0.0000112
-0.0000167
-0.0000288
-0.0000377
-0.0000378
-0.0000325
-0.0000482
-0.0000536
-0.0000508
-0.0000530
-0.0000540
-0.0000531
-0.0000553
-0.0000560
-0.0000587
-0.0000575
-0.0000545
-0.0000739
-0.0000958
-0.0001082
-0.0001116
-0.0001233
-0.0001384
-0.0001444
-0.0001485
-0.0001611
-0.0001809
-0.0001849
-0.0001859
-0.0001780
-0.0001656
-0.0001604
-0.0001558
-0.0001411
-0.0001403
-0.0001480
-0.0001572
-0.0001731
-0.0001873
-0.0001979
-0.0002027
-0.0002002
-0.0001939
-0.0001897
-0.0001868
-0.0001764
-0.0001731
-0.0001847
-0.0001949
-0.0002127
-0.0002341
-0.0002491
-0.0002562
-0.0002539
-0.0002543
-0.0002508
-0.0002480
-0.0002391
-0.0002316
-0.0002196
-0.0002028
-0.0001778
-0.0001573
-0.0001419
-0.0001273
-0.0001130
-0.0000925
-0.0000621
-0.0000395
-0.0000281
-0.0000184
-0.0000239
-0.0000259
-0.0000292
-0.0000369
-0.0000505
-0.0000438
-0.0000346
-0.0000279
-0.0000242
-0.0000234
-0.0000194
-0.0000194
-0.0000195
-0.0000201
-0.0000207
-0.0000142
-0.0000165
-0.0000093
0.0000103
0.0000314
0.0000488
0.0000485
0.0000469
0.0000353
0.0000299
0.0000285
0.0000300
0.0000316
0.0000239
0.0000149
0.0000127
0.0000078
0.0000036
-0.0000062
-0.0000240
-0.0000416
-0.0000541
-0.0000671
-0.0000858
-0.0001066
-0.0001237
-0.0001454
-0.0001573
-0.0001729
-0.0001808
-0.0001844
-0.0001826
-0.0001830
-0.0001881
-0.0001997
-0.0002139
-0.0002191
-0.0002308
-0.0002406
-0.0002434
-0.0002484
-0.0002530
-0.0002448
-0.0002401
-0.0002350
-0.0002380
-0.0002328
-0.0002280
-0.0002301
-0.0002266
-0.0002321
-0.0002380
-0.0002406
-0.0002380
-0.0002409
-0.0002542
-0.0002572
-0.0002488
-0.0002319
-0.0002281
-0.0002350
-0.0002446
-0.0002585
-0.0002590
-0.0002697
-0.0002882
-0.0003052
-0.0003227
-0.0003384
-0.0003517
-0.0003583
-0.0003673
-0.0003806
-0.0003897
-0.0003916
-0.0003855
-0.0003790
-0.0003741
-0.0003678
-0.0003510
-0.0003401
-0.0003246
-0.0003131
-0.0003056
-0.0002904
-0.0002815
-0.0002625
-0.0002470
-0.0002295
-0.0002116
-0.0002071
-0.0001909
-0.0001923
-0.0001857
-0.0001789
-0.0001755
-0.0001809
-0.0001811
-0.0001730
-0.0001746
-0.0001603
-0.0001542
-0.0001496
-0.0001444
-0.0001360
-0.0001390
-0.0001328
-0.0001190
-0.0001085
-0.0001087
-0.0001052
-0.0001039
-0.0000850
-0.0000697
-0.0000540
-0.0000268
0.0000001
0.0000172
0.0000345
0.0000527
0.0000789
0.0001013
0.0001110
0.0001245
0.0001463
0.0001568
0.0001599
0.0001662
0.0001685
0.0001723
0.0001708
0.0001735
0.0001623
0.0001639
0.0001520
0.0001550
0.0001602
0.0001705
0.0001682
0.0001555
0.0001595
0.0001809
0.0001869
0.0001950
0.0002048
0.0002108
0.0002095
0.0002152
0.0002125
0.0002073
0.0001907
0.0001680
0.0001477
0.0001313
0.0001293
0.0001206
0.0001126
0.0001036
0.0000986
0.0001081
0.0001092
0.0001085
0.0001214
0.0001244
0.0001451
0.0001474
0.0001405
0.0001499
0.0001469
0.0001444
0.0001337
0.0001320
0.0001383
0.0001343
0.0001431
0.0001419
0.0001333
0.0001303
0.0001331
0.0001369
0.0001429
0.0001517
0.0001643
0.0001647
0.0001625
0.0001535
0.0001567
0.0001625
0.0001628
0.0001651
0.0001718
0.0001698
0.0001625
0.0001653
0.0001573
0.0001585
0.0001629
0.0001761
0.0001731
0.0001713
0.0001895
0.0001882
0.0001785
0.0001617
0.0001516
0.0001483
0.0001519
0.0001429
0.0001328
0.0001231
0.0001086
0.0001063
0.0000991
0.0001015
0.0000993
0.0001022
0.0001130
0.0001150
0.0001162
0.0001135
0.0001013
0.0000810
0.0000698
0.0000474
0.0000373
0.0000307
0.0000258
0.0000228
0.0000251
0.0000376
0.0000529
0.0000628
0.0000688
0.0000791
0.0000773
0.0000768
0.0000773
0.0000864
0.0001040
0.0001106
0.0001185
0.0001357
0.0001529
0.0001676
0.0001763
0.0001795
0.0001800
0.0001757
0.0001701
0.0001479
0.0001366
0.0001245
0.0001247
0.0001285
0.0001259
0.0001292
0.0001242
0.0001312
0.0001247
0.0001239
0.0001343
0.0001352
0.0001407
0.0001500
0.0001486
0.0001547
0.0001609
0.0001491
0.0001272
0.0001114
0.0000937
0.0000665
0.0000434
0.0000416
0.0000328
0.0000255
0.0000140
0.0000173
0.0000209
0.0000127
0.0000075
0.0000014
-0.0000038
-0.0000099
-0.0000141
-0.0000045
0.0000030
0.0000152
0.0000294
0.0000349
0.0000412
0.0000474
0.0000499
0.0000624
0.0000783
0.0000941
0.0000977
0.0001170
0.0001254
0.0001382
0.0001567
0.0001751
0.0001936
0.0001959
0.0002077
0.0002095
0.0002129
0.0002251
0.0002316
0.0002443
0.0002614
0.0002690
0.0002774
0.0002794
0.0002824
0.0002831
0.0002954
0.0002977
0.0002975
0.0003029
0.0002978
0.0002895
0.0002785
0.0002593
0.0002383
0.0002154
0.0001973
0.0001735
0.0001513
0.0001333
0.0001186
0.0001078
0.0001005
0.0000889
0.0000933
0.0001009
0.0001068
0.0001206
0.0001359
0.0001553
0.0001724
0.0001740
0.0001764
0.0001658
0.0001611
0.0001636
0.0001611
0.0001553
0.0001554
0.0001544
0.0001399
0.0001114
0.0000863
0.0000619
0.0000487
0.0000296
-0.0000058
-0.0000342
-0.0000470
-0.0000574
-0.0000712
-0.0000844
-0.0000887
-0.0000949
-0.0001012
-0.0001125
-0.0001180
-0.0001222
-0.0001155
-0.0001101
-0.0001010
-0.0000892
-0.0000857
-0.0000853
-0.0000742
-0.0000536
-0.0000471
-0.0000398
-0.0000354
-0.0000339
-0.0000357
-0.0000340
-0.0000327
-0.0000320
-0.0000377
-0.0000480
-0.0000576
-0.0000550
-0.0000438
-0.0000316
-0.0000239
-0.0000059
0.0000175
0.0000392
0.0000627
0.0000834
0.0001012
0.0001225
0.0001458
0.0001583
0.0001612
0.0001559
0.0001584
0.0001633
0.0001687
0.0001725
0.0001759
0.0001839
0.0001873
0.0001854
0.0001740
0.0001559
0.0001434
0.0001335
0.0001276
0.0001302
0.0001387
0.0001389
0.0001495
0.0001479
0.0001459
0.0001348
0.0001150
0.0000896
0.0000749
0.0000538
0.0000361
0.0000152
-0.0000013
-0.0000052
-0.0000025
-0.0000111
-0.0000230
-0.0000305
-0.0000315
-0.0000221
-0.0000087
0.0000012
0.0000136
0.0000282
0.0000455
0.0000532
0.0000560
0.0000667
0.0000781
0.0000891
0.0001094
0.0001180
0.0001367
0.0001524
0.0001662
0.0001864
0.0001978
0.0001891
0.0001792
0.0001738
0.0001559
0.0001413
0.0001266
0.0001167
0.0001094
0.0001161
0.0001129
0.0001129
0.0001028
0.0000848
0.0000705
0.0000665
0.0000518
0.0000413
0.0000363
0.0000267
0.0000220
0.0000248
0.0000237
0.0000227
0.0000371
0.0000425
0.0000566
0.0000647
0.0000738
0.0000918
0.0001142
0.0001290
0.0001344
0.0001358
0.0001283
0.0001156
0.0000971
0.0000876
0.0000845
0.0000906
0.0000985
0.0001135
0.0001240
0.0001325
0.0001349
0.0001331
0.0001310
0.0001303
0.0001302
0.0001460
0.0001555
0.0001618
0.0001776
0.0001920
0.0001991
0.0002014
0.0002035
0.0002024
0.0001940
0.0001820
0.0001626
0.0001522
0.0001411
0.0001242
0.0001046
0.0000893
0.0000811
0.0000787
0.0000752
0.0000716
0.0000616
0.0000603
0.0000666
0.0000728
0.0000863
0.0000805
0.0000798
0.0000817
0.0000877
0.0000796
0.0000772
0.0000758
0.0000621
0.0000549
0.0000364
0.0000304
0.0000277
0.0000172
0.0000082
0.0000001
0.0000095
0.0000183
0.0000127
0.0000077
-0.0000022
-0.0000166
-0.0000353
-0.0000537
-0.0000688
-0.0000699
-0.0000691
-0.0000714
-0.0000645
-0.0000630
-0.0000487
-0.0000409
-0.0000347
-0.0000254
-0.0000156
-0.0000106
-0.0000106
0.0000017
0.0000122
0.0000136
0.0000220
0.0000324
0.0000347
0.0000298
0.0000197
0.0000087
-0.0000006
-0.0000075
-0.0000114
-0.0000121
-0.0000121
-0.0000157
-0.0000168
-0.0000105
-0.0000102
-0.0000128
-0.0000056
-0.0000001
0.0000107
0.0000211
0.0000155
0.0000036
-0.0000068
-0.0000145
-0.0000161
-0.0000190
-0.0000145
-0.0000041
0.0000105
0.0000178
0.0000199
0.0000236
0.0000402
0.0000495
0.0000643
0.0000716
0.0000757
0.0000837
0.0000848
0.0000799
0.0000842
0.0000832
0.0000773
0.0000746
0.0000673
0.0000544
0.0000390
0.0000161
0.0000088
-0.0000064
-0.0000163
-0.0000170
-0.0000185
-0.0000081
0.0000084
0.0000104
0.0000222
0.0000313
0.0000450
0.0000401
0.0000342
0.0000353
0.0000389
0.0000229
0.0000023
-0.0000084
-0.0000184
-0.0000436
-0.0000687
-0.0000784
-0.0000805
-0.0000779
-0.0000874
-0.0000942
-0.0001078
-0.0001077
-0.0000949
-0.0000920
-0.0000912
-0.0000790
-0.0000692
-0.0000622
-0.0000546
-0.0000439
-0.0000386
-0.0000319
-0.0000255
-0.0000310
-0.0000337
-0.0000293
-0.0000266
-0.0000335
-0.0000353
-0.0000365
-0.0000420
-0.0000445
-0.0000450
-0.0000413
-0.0000446
-0.0000573
-0.0000726
-0.0000867
-0.0000996
-0.0001047
-0.0001118
-0.0001062
-0.0001011
-0.0000976
-0.0000874
-0.0000818
-0.0000714
-0.0000583
-0.0000319
-0.0000103
0.0000084
0.0000195
0.0000354
0.0000497
0.0000590
0.0000615
0.0000649
0.0000661
0.0000694
0.0000804
0.0000902
0.0001013
0.0001023
0.0001040
0.0001018
0.0000986
0.0000803
0.0000797
0.0000661
0.0000576
0.0000573
0.0000514
0.0000343
0.0000261
0.0000109
-0.0000109
-0.0000375
-0.0000557
-0.0000774
-0.0000943
-0.0001086
-0.0001186
-0.0001175
-0.0001244
-0.0001265
-0.0001280
-0.0001254
-0.0001349
-0.0001348
-0.0001330
-0.0001282
-0.0001274
-0.0001349
-0.0001428
-0.0001571
-0.0001588
-0.0001535
-0.0001532
-0.0001477
-0.0001550
-0.0001550
-0.0001499
-0.0001447
-0.0001544
-0.0001720
-0.0001948
-0.0002110
-0.0002252
-0.0002409
-0.0002518
-0.0002582
-0.0002749
-0.0002910
-0.0002946
-0.0002887
-0.0002855
-0.0002902
-0.0002977
-0.0003039
-0.0003072
-0.0003382
-0.0003549
-0.0003741
-0.0003910
-0.0003917
-0.0003924
-0.0003887
-0.0003930
-0.0003969
-0.0003929
-0.0003938
-0.0004040
-0.0004180
-0.0004271
-0.0004242
-0.0004224
-0.0004248
-0.0004271
-0.0004295
-0.0004320
-0.0004296
-0.0004333
-0.0004304
-0.0004247
-0.0004114
-0.0004038
-0.0003887
-0.0003677
-0.0003622
-0.0003682
-0.0003778
-0.0003752
-0.0003693
-0.0003621
-0.0003429
-0.0003226
-0.0002968
-0.0002653
-0.0002329
-0.0002132
-0.0001980
-0.0001833
-0.0001787
-0.0001715
-0.0001664
-0.0001669
-0.0001562
-0.0001397
-0.0001304
-0.0001287
-0.0001134
-0.0000948
-0.0000834
-0.0000670
-0.0000558
-0.0000398
-0.0000332
-0.0000241
-0.0000114
0.0000027
0.0000282
0.0000467
0.0000612
0.0000602
0.0000547
0.0000529
0.0000698
0.0000923
0.0001036
0.0001048
0.0001003
0.0000984
0.0001127
0.0001258
0.0001452
0.0001633
0.0001618
0.0001630
0.0001619
0.0001648
0.0001670
0.0001607
0.0001520
0.0001549
0.0001590
0.0001512
0.0001603
0.0001609
0.0001807
0.0002010
0.0002193
0.0002345
0.0002440
0.0002516
0.0002553
0.0002467
0.0002474
0.0002445
0.0002486
0.0002510
0.0002527
0.0002638
0.0002686
0.0002660
0.0002639
0.0002502
0.0002573
0.0002648
0.0002694
0.0002755
0.0002870
0.0002860
0.0002845
0.0002778
0.0002625
0.0002582
0.0002566
0.0002593
0.0002589
0.0002508
0.0002413
0.0002284
0.0002219
0.0002250
0.0002241
0.0002169
0.0002154
0.0002059
0.0001884
0.0001789
0.0001770
0.0001824
0.0001778
0.0001834
0.0001824
0.0001734
0.0001567
0.0001423
0.0001223
0.0001212
0.0001379
0.0001527
0.0001581
0.0001466
0.0001489
0.0001546
0.0001578
0.0001599
0.0001627
0.0001752
0.0001723
0.0001682
0.0001716
0.0001686
0.0001659
0.0001598
0.0001586
0.0001554
0.0001486
0.0001436
0.0001432
0.0001439
0.0001434
0.0001381
0.0001307
0.0001223
0.0001217
0.0001268
0.0001297
0.0001354
0.0001505
0.0001718
0.0001912
0.0002030
0.0001973
0.0001874
0.0001690
0.0001601
0.0001563
0.0001485
0.0001493
0.0001465
0.0001562
0.0001729
0.0001784
0.0001793
0.0001776
0.0001780
0.0001832
0.0001929
0.0002031
0.0002003
0.0002084
0.0002311
0.0002373
0.0002403
0.0002376
0.0002510
0.0002658
0.0002784
0.0002765
0.0002757
0.0002857
0.0002975
0.0002979
0.0002998
0.0003052
0.0003126
0.0003292
0.0003579
0.0003879
0.0004153
0.0004401
0.0004586
0.0004739
0.0004976
0.0005099
0.0005169
0.0005238
0.0005341
0.0005398
0.0005434
0.0005417
0.0005347
0.0005270
0.0005189
0.0005117
0.0005082
0.0005103
0.0005127
0.0005181
0.0005259
0.0005353
0.0005422
0.0005431
0.0005353
0.0005354
0.0005369
0.0005543
0.0005666
0.0005869
0.0005937
0.0005989
0.0005994
0.0006022
0.0005998
0.0005965
0.0006015
0.0005933
0.0005886
0.0005896
0.0005870
0.0005735
0.0005544
0.0005255
0.0004975
0.0004853
0.0004869
0.0004910
0.0005015
0.0005086
0.0005246
0.0005406
0.0005531
0.0005671
0.0005849
0.0006091
0.0006286
0.0006449
0.0006664
0.0006826
0.0007059
0.0007121
0.0007198
0.0007231
0.0007326
0.0007449
0.0007488
0.0007431
0.0007255
0.0007170
0.0007053
0.0007125
0.0007052
0.0006981
0.0006819
0.0006666
0.0006495
0.0006402
0.0006239
0.0006201
0.0006070
0.0005936
0.0005749
0.0005610
0.0005570
0.0005353
0.0005156
0.0005128
0.0005002
0.0004959
0.0004908
0.0004783
0.0004633
0.0004617
0.0004614
0.0004662
0.0004504
0.0004200
0.0003865
0.0003762
0.0003546
0.0003224
0.0003024
0.0002840
0.0002782
0.0002607
0.0002543
0.0002511
0.0002508
0.0002564
0.0002599
0.0002661
0.0002719
0.0002558
0.0002518
0.0002441
0.0002331
0.0002285
0.0002201
0.0002213
0.0002254
0.0002215
0.0002080
0.0001986
0.0001997
0.0001946
0.0001808
0.0001697
0.0001669
0.0001693
0.0001759
0.0001762
0.0001733
0.0001668
0.0001750
0.0001772
0.0001848
0.0001846
0.0001841
0.0001801
0.0001848
0.0002003
0.0002175
0.0002299
0.0002411
0.0002534
0.0002657
0.0002808
0.0002848
0.0002825
0.0002821
0.0002849
0.0002949
0.0002986
0.0003075
0.0003185
0.0003273
0.0003467
0.0003519
0.0003592
0.0003676
0.0003729
0.0003767
0.0003781
0.0003672
0.0003541
0.0003421
0.0003187
0.0003007
0.0002922
0.0003021
0.0003146
0.0003318
0.0003457
0.0003569
0.0003669
0.0003735
0.0003745
0.0003745
0.0003622
0.0003642
0.0003641
0.0003764
0.0003878
0.0003995
0.0004032
0.0003973
0.0003971
0.0003978
0.0003904
0.0003833
0.0003644
0.0003428
0.0003254
0.0003100
0.0003068
0.0003142
0.0003136
0.0003123
0.0003097
0.0003049
0.0003093
0.0003098
0.0003230
0.0003232
0.0003177
0.0003067
0.0003000
0.0002949
0.0002893
0.0002709
0.0002557
0.0002434
0.0002414
0.0002425
0.0002576
0.0002734
0.0002828
0.0002854
0.0002948
0.0002995
0.0003074
0.0003176
0.0003256
0.0003380
0.0003552
0.0003579
0.0003631
0.0003783
0.0003837
0.0003872
0.0003849
0.0003807
0.0003843
0.0003866
0.0003821
0.0003770
0.0003725
0.0003526
0.0003387
0.0003386
0.0003463
0.0003471
0.0003440
0.0003435
0.0003467
0.0003482
0.0003548
0.0003592
0.0003530
0.0003455
0.0003360
0.0003317
0.0003286
0.0003310
0.0003397
0.0003522
0.0003642
0.0003696
0.0003765
0.0003886
0.0003905
0.0004087
0.0004163
0.0004089
0.0003989
0.0003810
0.0003616
0.0003455
0.0003317
0.0003209
0.0003157
0.0003139
0.0003029
0.0003028
0.0003129
0.0003184
0.0003111
0.0003048
0.0003033
0.0003095
0.0003192
0.0003232
0.0003376
0.0003423
0.0003455
0.0003436
0.0003380
0.0003348
0.0003322
0.0003362
0.0003393
0.0003451
0.0003400
0.0003354
0.0003312
0.0003159
0.0003055
0.0002945
0.0002949
0.0002798
0.0002579
0.0002355
0.0002112
0.0002012
0.0001984
0.0001815
0.0001783
0.0001781
0.0001698
0.0001574
0.0001379
0.0001357
0.0001436
0.0001552
0.0001611
0.0001699
0.0001685
0.0001679
0.0001714
0.0001634
0.0001368
0.0001164
0.0000881
0.0000685
0.0000387
0.0000171
-0.0000024
-0.0000078
-0.0000117
-0.0000109
-0.0000043
0.0000027
0.0000110
0.0000075
-0.0000060
-0.0000134
-0.0000275
-0.0000409
-0.0000640
-0.0000806
-0.0000919
-0.0001079
-0.0001134
-0.0001180
-0.0001171
-0.0001090
-0.0001053
-0.0001226
-0.0001339
-0.0001245
-0.0001037
-0.0000969
-0.0000865
-0.0000746
-0.0000656
-0.0000647
-0.0000622
-0.0000545
-0.0000240
-0.0000002
0.0000106
0.0000246
0.0000332
0.0000393
0.0000465
0.0000462
0.0000533
0.0000462
0.0000311
0.0000092
-0.0000061
-0.0000247
-0.0000418
-0.0000506
-0.0000620
-0.0000795
-0.0000949
-0.0000986
-0.0001032
-0.0001123
-0.0001101
-0.0000990
-0.0000965
-0.0000931
-0.0000895
-0.0000781
-0.0000480
-0.0000183
0.0000201
0.0000549
0.0000902
0.0001113
0.0001235
0.0001288
0.0001360
0.0001421
0.0001469
0.0001639
0.0001690
0.0001618
0.0001412
0.0001274
0.0001178
0.0001041
0.0000967
0.0000885
0.0000712
0.0000606
0.0000597
0.0000631
0.0000636
0.0000565
0.0000517
0.0000497
0.0000449
0.0000381
0.0000390
0.0000500
0.0000388
0.0000407
0.0000281
0.0000165
0.0000020
-0.0000108
-0.0000303
-0.0000504
-0.0000596
-0.0000697
-0.0000761
-0.0000845
-0.0000774
-0.0000789
-0.0000671
-0.0000519
-0.0000420
-0.0000378
-0.0000394
-0.0000437
-0.0000496
-0.0000470
-0.0000401
-0.0000513
-0.0000462
-0.0000397
-0.0000229
-0.0000088
-0.0000071
-0.0000035
0.0000018
-0.0000060
-0.0000183
-0.0000119
0.0000053
0.0000155
0.0000221
0.0000278
0.0000293
0.0000316
0.0000266
0.0000190
0.0000136
0.0000123
0.0000167
0.0000331
0.0000329
0.0000307
0.0000291
0.0000335
0.0000287
0.0000238
0.0000215
0.0000077
-0.0000060
-0.0000172
-0.0000190
-0.0000308
-0.0000506
-0.0000649
-0.0000627
-0.0000682
-0.0000711
-0.0000748
-0.0000722
-0.0000735
-0.0000599
-0.0000488
-0.0000397
-0.0000293
-0.0000207
0.0000005
0.0000279
0.0000480
0.0000669
0.0000789
0.0000871
0.0000936
0.0001061
0.0001002
0.0000848
0.0000781
0.0000854
0.0001033
0.0001059
0.0001143
0.0001179
0.0001224
0.0001251
0.0001342
0.0001360
0.0001321
0.0001267
0.0001291
0.0001418
0.0001495
0.0001616
0.0001763
0.0002055
0.0002332
0.0002352
0.0002405
0.0002451
0.0002412
0.0002431
0.0002486
0.0002487
0.0002437
0.0002394
0.0002447
0.0002446
0.0002489
0.0002453
0.0002372
0.0002321
0.0002265
0.0002323
0.0002395
0.0002474
0.0002540
0.0002573
0.0002701
0.0002837
0.0002953
0.0003080
0.0003128
0.0003209
0.0003260
0.0003271
0.0003369
0.0003437
0.0003488
0.0003378
0.0003345
0.0003317
0.0003212
0.0003193
0.0003130
0.0003155
0.0003193
0.0003229
0.0003343
0.0003393
0.0003471
0.0003522
0.0003421
0.0003498
0.0003576
0.0003738
0.0003992
0.0004186
0.0004354
0.0004379
0.0004303
0.0004297
0.0004328
0.0004375
0.0004508
0.0004756
0.0004890
0.0004918
0.0005013
0.0005087
0.0005195
0.0005248
0.0005311
0.0005284
0.0005241
0.0005233
0.0005161
0.0005076
0.0004938
0.0004774
0.0004675
0.0004709
0.0004724
0.0004856
0.0004820
0.0004901
0.0004930
0.0004928
0.0004840
0.0004622
0.0004423
0.0004259
0.0004111
0.0004029
0.0003991
0.0003986
0.0004040
0.0004101
0.0004129
0.0004051
0.0004028
0.0004115
0.0004207
0.0004242
0.0004163
0.0004018
0.0004001
0.0003994
0.0004131
0.0004086
0.0004217
0.0004274
0.0004393
0.0004471
0.0004503
0.0004470
0.0004549
0.0004515
0.0004455
0.0004365
0.0004271
0.0004167
0.0004110
0.0004107
0.0004199
0.0004357
0.0004487
0.0004343
0.0004243
0.0004284
0.0004340
0.0004447
0.0004515
0.0004612
0.0004750
0.0004899
0.0004947
0.0004977
0.0004885
0.0004805
0.0004759
0.0004698
0.0004754
0.0004715
0.0004780
0.0004845
0.0004983
0.0005132
0.0005235
0.0005432
0.0005579
0.0005593
0.0005607
0.0005569
0.0005355
0.0005128
0.0004989
0.0004878
0.0004846
0.0004758
0.0004756
0.0004815
0.0004900
0.0005048
0.0005210
0.0005295
0.0005410
0.0005493
0.0005620
0.0005618
0.0005670
0.0005697
0.0005700
0.0005672
0.0005612
0.0005668
0.0005714
0.0005777
0.0005845
0.0005882
0.0005877
0.0005785
0.0005637
0.0005460
0.0005270
0.0005186
0.0005131
0.0005017
0.0004949
0.0004913
0.0004910
0.0004867
0.0004712
0.0004621
0.0004406
0.0004299
0.0004316
0.0004242
0.0004147
0.0004054
0.0003851
0.0003650
0.0003403
0.0003234
0.0003044
0.0002850
0.0002807
0.0002662
0.0002630
0.0002650
0.0002515
0.0002359
0.0002102
0.0002060
0.0001987
0.0001858
0.0001734
0.0001689
0.0001670
0.0001582
0.0001475
0.0001338
0.0001203
0.0001199
0.0001071
0.0001053
0.0001038
0.0001026
0.0000915
0.0000881
0.0000879
0.0000961
0.0000965
0.0001057
0.0001220
0.0001235
0.0001184
0.0001149
0.0001166
0.0001139
0.0001150
0.0001211
0.0001344
0.0001475
0.0001642
0.0001851
0.0001972
0.0002073
0.0002153
0.0002218
0.0002266
0.0002260
0.0002278
0.0002334
0.0002365
0.0002360
0.0002326
0.0002302
0.0002243
0.0002082
0.0001949
0.0001785
0.0001562
0.0001464
0.0001357
0.0001233
0.0001023
0.0000998
0.0001126
0.0001108
0.0001074
0.0001076
0.0001284
0.0001344
0.0001279
0.0001275
0.0001161
0.0001135
0.0001126
0.0001111
0.0001309
0.0001432
0.0001522
0.0001656
0.0001772
0.0001853
0.0001949
0.0002022
0.0002128
0.0002203
0.0002317
0.0002447
0.0002520
0.0002525
0.0002602
0.0002627
0.0002663
0.0002753
0.0002805
0.0002793
0.0002749
0.0002782
0.0002793
0.0002782
0.0002833
0.0002850
0.0002826
0.0002800
0.0002714
0.0002670
0.0002602
0.0002482
0.0002526
0.0002475
0.0002421
0.0002342
0.0002275
0.0002337
0.0002457
0.0002521
0.0002542
0.0002655
0.0002691
0.0002818
0.0002966
0.0003127
0.0003169
0.0003268
0.0003382
0.0003351
0.0003500
0.0003627
0.0003742
0.0003795
0.0003913
0.0004019
0.0004095
0.0004260
0.0004443
0.0004586
0.0004744
0.0004861
0.0004927
0.0004825
0.0004842
0.0004908
0.0004894
0.0004920
0.0004908
0.0004946
0.0004979
0.0004884
0.0004655
0.0004543
0.0004418
0.0004187
0.0004046
0.0003883
0.0003730
0.0003704
0.0003725
0.0003726
0.0003764
0.0003798
0.0003830
0.0003851
0.0003845
0.0003892
0.0003807
0.0003966
0.0004138
0.0004410
0.0004426
0.0004262
0.0004183
0.0004038
0.0003963
0.0003908
0.0003875
0.0003768
0.0003673
0.0003727
0.0003688
0.0003642
0.0003638
0.0003590
0.0003678
0.0003681
0.0003724
0.0003701
0.0003608
0.0003578
0.0003521
0.0003635
0.0003682
0.0003805
0.0003870
0.0003942
0.0004039
0.0004184
0.0004260
0.0004356
0.0004300
0.0004238
0.0004125
0.0004013
0.0003818
0.0003680
0.0003595
0.0003483
0.0003268
0.0003157
0.0003198
0.0003280
0.0003444
0.0003701
0.0003925
0.0004018
0.0004120
0.0004155
0.0004041
0.0003836
0.0003748
0.0003621
0.0003598
0.0003656
0.0003726
0.0003831
0.0003828
0.0003927
0.0003907
0.0003868
0.0003919
0.0003952
0.0004006
0.0004009
0.0003967
0.0003886
0.0003931
0.0003940
0.0004158
0.0004179
0.0004220
0.0004160
0.0004107
0.0003930
0.0003753
0.0003675
0.0003690
0.0003747
0.0003741
0.0003789
0.0003739
0.0003717
0.0003731
0.0003698
0.0003705
0.0003803
0.0003844
0.0003896
0.0003867
0.0003764
0.0003593
0.0003427
0.0003445
0.0003488
0.0003542
0.0003600
0.0003615
0.0003616
0.0003595
0.0003495
0.0003440
0.0003526
0.0003496
0.0003515
0.0003542
0.0003733
0.0004020
0.0004189
0.0004394
0.0004509
0.0004566
0.0004611
0.0004667
0.0004786
0.0004785
0.0004697
0.0004651
0.0004526
0.0004449
0.0004316
0.0004118
0.0003911
0.0003855
0.0003849
0.0003821
0.0003943
0.0003964
0.0004021
0.0004092
0.0003988
0.0003868
0.0003766
0.0003612
0.0003423
0.0003252
0.0003153
0.0003020
0.0002868
0.0002871
0.0002851
0.0002872
0.0002932
0.0002846
0.0002821
0.0002829
0.0002854
0.0002780
0.0002725
0.0002777
0.0002736
0.0002724
0.0002557
0.0002431
0.0002376
0.0002345
0.0002335
0.0002324
0.0002195
0.0002048
0.0002047
0.0002010
0.0001984
0.0001908
0.0001968
0.0002043
0.0002038
0.0002000
0.0001943
0.0001792
0.0001776
0.0001799
0.0001829
0.0001703
0.0001559
0.0001518
0.0001459
0.0001462
0.0001400
0.0001393
0.0001374
0.0001343
0.0001269
0.0001181
0.0001115
0.0000957
0.0000919
0.0000808
0.0000743
0.0000721
0.0000800
0.0000883
0.0000923
0.0000959
0.0000834
0.0000692
0.0000588
0.0000669
0.0000686
0.0000700
0.0000781
0.0000824
0.0000893
0.0000897
0.0001000
0.0001025
0.0001067
0.0001007
0.0000957
0.0000951
0.0000808
0.0000667
0.0000445
0.0000357
0.0000336
0.0000348
0.0000313
0.0000357
0.0000498
0.0000655
0.0000789
0.0000926
0.0000964
0.0000949
0.0000923
0.0000865
0.0000936
0.0001009
0.0000960
0.0000914
0.0000972
0.0001085
0.0001249
0.0001298
0.0001392
0.0001645
0.0001903
0.0002159
0.0002366
0.0002455
0.0002621
0.0002773
0.0002826
0.0002755
0.0002817
0.0002829
0.0002926
0.0002997
0.0002949
0.0002941
0.0002929
0.0002966
0.0002879
0.0002919
0.0002938
0.0002868
0.0002840
0.0002805
0.0002792
0.0002854
0.0002875
0.0002912
0.0003045
0.0003219
0.0003255
0.0003327
0.0003401
0.0003540
0.0003624
0.0003683
0.0003793
0.0003787
0.0003726
0.0003637
0.0003605
0.0003626
0.0003515
0.0003420
0.0003437
0.0003345
0.0003330
0.0003435
0.0003455
0.0003503
0.0003561
0.0003566
0.0003670
0.0003647
0.0003704
0.0003807
0.0003753
0.0003738
0.0003787
0.0003811
0.0003793
0.0003805
0.0003839
0.0003920
0.0004012
0.0004016
0.0004100
0.0004153
0.0004250
0.0004160
0.0004046
0.0003946
0.0003954
0.0003990
0.0003969
0.0003964
0.0004021
0.0003986
0.0003975
0.0003898
0.0003755
0.0003677
0.0003650
0.0003617
0.0003540
0.0003461
0.0003447
0.0003492
0.0003461
0.0003314
0.0003164
0.0003015
0.0003005
0.0003022
0.0003141
0.0003280
0.0003404
0.0003453
0.0003488
0.0003579
0.0003634
0.0003555
0.0003454
0.0003461
0.0003330
0.0003221
0.0003203
0.0003066
0.0002991
0.0002942
0.0002923
0.0002866
0.0002932
0.0002959
0.0003090
0.0003115
0.0003111
0.0003086
0.0003063
0.0002846
0.0002577
0.0002328
0.0002084
0.0001928
0.0001914
0.0001923
0.0001941
0.0002018
0.0002105
0.0002161
0.0002211
0.0002318
0.0002280
0.0002190
0.0002280
0.0002527
0.0002770
0.0002982
0.0003014
0.0002911
0.0002822
0.0002752
0.0002734
0.0002877
0.0002996
0.0003114
0.0003265
0.0003459
0.0003561
0.0003559
0.0003561
0.0003458
0.0003310
0.0003189
0.0003035
0.0003008
0.0002975
0.0002926
0.0002833
0.0002739
0.0002640
0.0002529
0.0002491
0.0002427
0.0002349
0.0002365
0.0002320
0.0002192
0.0002047
0.0001937
0.0002041
0.0002133
0.0002180
0.0002260
0.0002268
0.0002261
0.0002289
0.0002270
0.0002278
0.0002373
0.0002488
0.0002503
0.0002533
0.0002610
0.0002679
0.0002678
0.0002706
0.0002589
0.0002526
0.0002273
0.0002122
0.0002063
0.0001869
0.0001819
0.0001704
0.0001562
0.0001446
0.0001385
0.0001320
0.0001237
0.0001101
0.0000902
0.0000606
0.0000459
0.0000386
0.0000131
0.0000087
0.0000011
-0.0000050
-0.0000248
-0.0000278
-0.0000293
-0.0000224
-0.0000243
-0.0000254
-0.0000319
-0.0000373
-0.0000497
-0.0000593
-0.0000556
-0.0000459
-0.0000435
-0.0000467
-0.0000478
-0.0000503
-0.0000593
-0.0000594
-0.0000769
-0.0000865
-0.0001017
-0.0001001
-0.0000990
-0.0001041
-0.0001033
-0.0000955
-0.0001011
-0.0000995
-0.0000935
-0.0000975
-0.0000940
-0.0000872
-0.0000936
-0.0001048
-0.0001100
-0.0001011
-0.0000991
-0.0000898
-0.0000743
-0.0000549
-0.0000518
-0.0000578
-0.0000587
-0.0000504
-0.0000545
-0.0000516
-0.0000521
-0.0000441
-0.0000413
-0.0000433
-0.0000328
-0.0000263
-0.0000171
-0.0000099
0.0000008
0.0000025
0.0000071
-0.0000001
-0.0000056
-0.0000085
-0.0000036
0.0000036
0.0000115
0.0000262
0.0000361
0.0000473
0.0000581
0.0000781
0.0000919
0.0001113
0.0001159
0.0001145
0.0001115
0.0001076
0.0001020
0.0000929
0.0000795
0.0000824
0.0000735
0.0000719
0.0000694
0.0000587
0.0000459
0.0000348
0.0000267
0.0000215
0.0000175
0.0000185
0.0000210
0.0000332
0.0000450
0.0000561
0.0000717
0.0000792
0.0000907
0.0001029
0.0001164
0.0001301
0.0001432
0.0001555
0.0001556
0.0001564
0.0001541
0.0001525
0.0001428
0.0001470
0.0001597
0.0001779
0.0001952
0.0002064
0.0002143
0.0002224
0.0002184
0.0002245
0.0002238
0.0002207
0.0002203
0.0002166
0.0002138
0.0002115
0.0002144
0.0002154
0.0002115
0.0002105
0.0002032
0.0001978
0.0001933
0.0001992
0.0001926
0.0001834
0.0001775
0.0001714
0.0001618
0.0001519
0.0001465
0.0001357
0.0001283
0.0001346
0.0001367
0.0001359
0.0001367
0.0001463
0.0001498
0.0001324
0.0001173
0.0000980
0.0000814
0.0000718
0.0000657
0.0000570
0.0000497
0.0000445
0.0000337
0.0000257
0.0000147
-0.0000122
-0.0000311
-0.0000435
-0.0000450
-0.0000440
-0.0000393
-0.0000364
-0.0000373
-0.0000507
-0.0000614
-0.0000674
-0.0000773
-0.0000830
-0.0000804
-0.0000658
-0.0000691
-0.0000844
-0.0001014
-0.0001199
-0.0001256
-0.0001358
-0.0001471
-0.0001487
-0.0001531
-0.0001528
-0.0001456
-0.0001347
-0.0001305
-0.0001293
-0.0001254
-0.0001160
-0.0001063
-0.0001002
-0.0000989
-0.0001044
-0.0001045
-0.0001052
-0.0001044
-0.0001001
-0.0000919
-0.0000908
-0.0000864
-0.0000675
-0.0000512
-0.0000353
-0.0000173
0.0000042
0.0000159
0.0000234
0.0000366
0.0000646
0.0000789
0.0001005
0.0001233
0.0001299
0.0001299
0.0001236
0.0001165
0.0001243
0.0001361
0.0001418
0.0001491
0.0001521
0.0001556
0.0001553
0.0001583
0.0001705
0.0001901
0.0002056
0.0002183
0.0002294
0.0002271
0.0002308
0.0002313
0.0002337
0.0002222
0.0002174
0.0002032
0.0001978
0.0002012
0.0002018
0.0002029
0.0002036
0.0002024
0.0002074
0.0002013
0.0002029
0.0002055
0.0002132
0.0002250
0.0002368
0.0002394
0.0002483
0.0002524
0.0002659
0.0002801
0.0002949
0.0003008
0.0002973
0.0002946
0.0002906
0.0002960
0.0003014
0.0003072
0.0003194
0.0003256
0.0003362
0.0003316
0.0003360
0.0003451
0.0003485
0.0003561
0.0003673
0.0003678
0.0003637
0.0003540
0.0003534
0.0003564
0.0003561
0.0003512
0.0003450
0.0003415
0.0003465
0.0003563
0.0003602
0.0003543
0.0003407
0.0003343
0.0003273
0.0003311
0.0003381
0.0003394
0.0003245
0.0003028
0.0002920
0.0002834
0.0002707
0.0002711
0.0002708
0.0002612
0.0002472
0.0002190
0.0001888
0.0001721
0.0001735
0.0001721
0.0001786
0.0001774
0.0001839
0.0001902
0.0002048
0.0002073
0.0002161
0.0002191
0.0002223
0.0002241
0.0002364
0.0002471
0.0002569
0.0002564
0.0002569
0.0002643
0.0002668
0.0002744
0.0002738
0.0002791
0.0002808
0.0002893
0.0002985
0.0002956
0.0003090
0.0003323
0.0003412
0.0003459
0.0003566
0.0003673
0.0003766
0.0003924
0.0003969
0.0004006
0.0003997
0.0004012
0.0004061
0.0004014
0.0004046
0.0004093
0.0004029
0.0003937
0.0003853
0.0003837
0.0003851
0.0003893
0.0004011
0.0004070
0.0004141
0.0004152
0.0004073
0.0003896
0.0003854
0.0003794
0.0003872
0.0003922
0.0003994
0.0004108
0.0004164
0.0004254
0.0004327
0.0004210
0.0004099
0.0003939
0.0003846
0.0003770
0.0003576
0.0003326
0.0003190
0.0003086
0.0003118
0.0003044
0.0002891
0.0002767
0.0002656
0.0002451
0.0002383
0.0002368
0.0002327
0.0002205
0.0001936
0.0001856
0.0001819
0.0001779
0.0001807
0.0001808
0.0001813
0.0001709
0.0001632
0.0001503
0.0001460
0.0001457
0.0001286
0.0001188
0.0001145
0.0001102
0.0001040
0.0001076
0.0001078
0.0000953
0.0000921
0.0000908
0.0000860
0.0000903
0.0001087
0.0001309
0.0001431
0.0001414
0.0001451
0.0001473
0.0001512
0.0001541
0.0001538
0.0001466
0.0001459
0.0001468
0.0001457
0.0001336
0.0001201
0.0001123
0.0000980
0.0000911
0.0000855
0.0001004
0.0001121
0.0001199
0.0001392
0.0001470
0.0001613
0.0001650
0.0001585
0.0001582
0.0001493
0.0001433
0.0001342
0.0001206
0.0001052
0.0000886
0.0000853
0.0000820
0.0000717
0.0000557
0.0000526
0.0000510
0.0000614
0.0000705
0.0000861
0.0001041
0.0001339
0.0001557
0.0001838
0.0002056
0.0002166
0.0002225
0.0002388
0.0002414
0.0002366
0.0002166
0.0002016
0.0002043
0.0002070
0.0002092
0.0002061
0.0002042
0.0001990
0.0002046
0.0002000
0.0002046
0.0002131
0.0002320
0.0002486
0.0002558
0.0002634
0.0002713
0.0002901
0.0002951
0.0002912
0.0002910
0.0002982
0.0003063
0.0003131
0.0003191
0.0003261
0.0003152
0.0003203
0.0003288
0.0003238
0.0003218
0.0003107
0.0003018
0.0002894
0.0002802
0.0002575
0.0002437
0.0002347
0.0002389
0.0002391
0.0002430
0.0002563
0.0002606
0.0002630
0.0002664
0.0002612
0.0002536
0.0002562
0.0002601
0.0002682
0.0002651
0.0002679
0.0002489
0.0002399
0.0002300
0.0002259
0.0002109
0.0001967
0.0001927
0.0001920
0.0001939
0.0001927
0.0001947
0.0001936
0.0001773
0.0001719
0.0001703
0.0001788
0.0001868
0.0001928
0.0001951
0.0001936
0.0001881
0.0001963
0.0002145
0.0002279
0.0002549
0.0002761
0.0002984
0.0003150
0.0003145
0.0003132
0.0003142
0.0003138
0.0003352
0.0003450
0.0003556
0.0003600
0.0003529
0.0003416
0.0003182
0.0002969
0.0002700
0.0002447
0.0002299
0.0002168
0.0002165
0.0002182
0.0002194
0.0002325
0.0002363
0.0002503
0.0002673
0.0002831
0.0003027
0.0003140
0.0003172
0.0003224
0.0003157
0.0003013
0.0002891
0.0002846
0.0002858
0.0002864
0.0002943
0.0002878
0.0002888
0.0002999
0.0003074
0.0003256
0.0003316
0.0003473
0.0003595
0.0003678
0.0003787
0.0003930
0.0003975
0.0004076
0.0004122
0.0004104
0.0004031
0.0003940
0.0003847
0.0003831
0.0003811
0.0003738
0.0003672
0.0003538
0.0003458
0.0003454
0.0003408
0.0003547
0.0003742
0.0003950
0.0004083
0.0004125
0.0004149
0.0004228
0.0004294
0.0004272
0.0004116
0.0004080
0.0004042
0.0003986
0.0004050
0.0004177
0.0004291
0.0004356
0.0004395
0.0004392
0.0004453
0.0004374
0.0004334
0.0004285
0.0004276
0.0004372
0.0004364
0.0004413
0.0004522
0.0004609
0.0004729
0.0004853
0.0004889
0.0005002
0.0005093
0.0005103
0.0005081
0.0005096
0.0005022
0.0005016
0.0004902
0.0004791
0.0004834
0.0004841
0.0004813
0.0004882
0.0004960
0.0005023
0.0005132
0.0005200
0.0005160
0.0005175
0.0005166
0.0005209
0.0005339
0.0005499
0.0005518
0.0005536
0.0005723
0.0005799
0.0005880
0.0005900
0.0005885
0.0005869
0.0005863
0.0005794
0.0005816
0.0005765
0.0005647
0.0005650
0.0005583
0.0005537
0.0005460
0.0005578
0.0005631
0.0005766
0.0005836
0.0005882
0.0005808
0.0005807
0.0005687
0.0005594
0.0005630
0.0005539
0.0005437
0.0005285
0.0005142
0.0005033
0.0004945
0.0004851
0.0004805
0.0004759
0.0004683
0.0004705
0.0004746
0.0004704
0.0004629
0.0004604
0.0004505
0.0004425
0.0004525
0.0004698
0.0004814
0.0004783
0.0004778
0.0004781
0.0004852
0.0005002
0.0005091
0.0005215
0.0005173
0.0005306
0.0005302
0.0005301
0.0005325
0.0005251
0.0005219
0.0005261
0.0005238
0.0005184
0.0005066
0.0004959
0.0004757
0.0004610
0.0004459
0.0004326
0.0004185
0.0004137
0.0004075
0.0004046
0.0004100
0.0004183
0.0004197
0.0004102
0.0004123
0.0004131
0.0004161
0.0004025
0.0003965
0.0003823
0.0003653
0.0003510
0.0003483
0.0003425
0.0003334
0.0003225
0.0003065
0.0002991
0.0002861
0.0002686
0.0002602
0.0002486
0.0002387
0.0002456
0.0002548
0.0002543
0.0002473
0.0002422
0.0002454
0.0002534
0.0002715
0.0002851
0.0003093
0.0003239
0.0003371
0.0003553
0.0003615
0.0003710
0.0003689
0.0003777
0.0003931
0.0004073
0.0004122
0.0004130
0.0003997
0.0004002
0.0003988
0.0003971
0.0004135
0.0004102
0.0003982
0.0003912
0.0003901
0.0003868
0.0003865
0.0003856
0.0003761
0.0003725
0.0003621
0.0003491
0.0003464
0.0003503
0.0003441
0.0003386
0.0003426
0.0003433
0.0003478
0.0003536
0.0003571
0.0003584
0.0003380
0.0003202
0.0002935
0.0002743
0.0002650
0.0002293
0.0001998
0.0001805
0.0001591
0.0001425
0.0001337
0.0001357
0.0001399
0.0001383
0.0001452
0.0001669
0.0001756
0.0001736
0.0001670
0.0001757
0.0001875
0.0001977
0.0002305
0.0002556
0.0002779
0.0002826
0.0002894
0.0002991
0.0003003
0.0002894
0.0002847
0.0002816
0.0002745
0.0002709
0.0002704
0.0002803
0.0002973
0.0003108
0.0003357
0.0003639
0.0003888
0.0003952
0.0003953
0.0003958
0.0004049
0.0004031
0.0003993
0.0003930
0.0003776
0.0003621
0.0003582
0.0003482
0.0003312
0.0003215
0.0003130
0.0003123
0.0003134
0.0003069
0.0003001
0.0002930
0.0002901
0.0002926
0.0002871
0.0002816
0.0002732
0.0002602
0.0002567
0.0002649
0.0002638
0.0002646
0.0002765
0.0002785
0.0002914
0.0003028
0.0003081
0.0003084
0.0003142
0.0003235
0.0003228
0.0003283
0.0003326
0.0003404
0.0003421
0.0003466
0.0003533
0.0003584
0.0003541
0.0003584
0.0003578
0.0003642
0.0003737
0.0003862
0.0004019
0.0003985
0.0004011
0.0003983
0.0003996
0.0004016
0.0003989
0.0003978
0.0003995
0.0004099
0.0004077
0.0004036
0.0004040
0.0004085
0.0004149
0.0004254
0.0004223
0.0004171
0.0004261
0.0004381
0.0004512
0.0004650
0.0004718
0.0004800
0.0004803
0.0004881
0.0004905
0.0004885
0.0004861
0.0004648
0.0004599
0.0004567
0.0004521
0.0004441
0.0004435
0.0004509
0.0004533
0.0004560
0.0004536
0.0004532
0.0004425
0.0004246
0.0004076
0.0004085
0.0004142
0.0004076
0.0003925
0.0003861
0.0003906
0.0003845
0.0003756
0.0003656
0.0003610
0.0003563
0.0003500
0.0003519
0.0003474
0.0003401
0.0003449
0.0003477
0.0003340
0.0003194
0.0002973
0.0002830
0.0002731
0.0002662
0.0002614
0.0002581
0.0002630
0.0002708
0.0002772
0.0002677
0.0002529
0.0002386
0.0002462
0.0002460
0.0002481
0.0002433
0.0002276
0.0002188
0.0002147
0.0002176
0.0002113
0.0002173
0.0002161
0.0002119
0.0002176
0.0002215
0.0002290
0.0002394
0.0002334
0.0002138
0.0002013
0.0001913
0.0001783
0.0001770
0.0001771
0.0001864
0.0001860
0.0001798
0.0001628
0.0001386
0.0001136
0.0000964
0.0000801
0.0000655
0.0000516
0.0000437
0.0000313
0.0000308
0.0000285
0.0000253
0.0000202
0.0000259
0.0000186
0.0000136
0.0000046
0.0000114
0.0000169
0.0000114
0.0000021
-0.0000070
-0.0000121
-0.0000186
-0.0000290
-0.0000433
-0.0000403
-0.0000485
-0.0000553
-0.0000745
-0.0000934
-0.0000995
-0.0000970
-0.0000890
-0.0000712
-0.0000663
-0.0000654
-0.0000730
-0.0000755
-0.0000794
-0.0000850
-0.0000921
-0.0000985
-0.0001250
-0.0001426
-0.0001536
-0.0001595
-0.0001575
-0.0001463
-0.0001422
-0.0001294
-0.0001259
-0.0001257
-0.0001237
-0.0001207
-0.0001105
-0.0001155
-0.0001134
-0.0000963
-0.0000758
-0.0000624
-0.0000517
-0.0000330
-0.0000185
0.0000018
0.0000121
0.0000216
0.0000318
0.0000580
0.0000721
0.0000817
0.0000955
0.0001031
0.0001251
0.0001375
0.0001397
0.0001470
0.0001572
0.0001598
0.0001761
0.0001821
0.0001900
0.0001907
0.0001887
0.0001897
0.0001899
0.0001924
0.0001879
0.0001968
0.0002080
0.0002085
0.0002091
0.0002083
0.0002141
0.0002172
0.0002166
0.0002137
0.0002143
0.0002088
0.0002027
0.0001954
0.0001945
0.0001855
0.0001942
0.0002050
0.0002132
0.0002281
0.0002314
0.0002403
0.0002457
0.0002508
0.0002487
0.0002441
0.0002314
0.0002288
0.0002299
0.0002366
0.0002400
0.0002447
0.0002455
0.0002351
0.0002252
0.0002122
0.0001915
0.0001723
0.0001463
0.0001365
0.0001375
0.0001474
0.0001609
0.0001682
0.0001831
0.0001897
0.0002023
0.0002080
0.0002076
0.0002119
0.0002247
0.0002288
0.0002239
0.0002124
0.0001966
0.0001800
0.0001662
0.0001690
0.0001596
0.0001548
0.0001542
0.0001530
0.0001668
0.0001725
0.0001838
0.0001893
0.0001956
0.0001822
0.0001673
0.0001556
0.0001505
0.0001532
0.0001679
0.0001689
0.0001702
0.0001697
0.0001717
0.0001766
0.0001827
0.0001845
0.0001861
0.0001872
0.0001838
0.0001966
0.0002233
0.0002556
0.0002901
0.0003238
0.0003464
0.0003739
0.0003945
0.0004080
0.0004156
0.0004190
0.0004197
0.0004124
0.0003966
0.0003917
0.0003828
0.0003626
0.0003488
0.0003369
0.0003288
0.0003213
0.0003146
0.0003170
0.0003277
0.0003399
0.0003377
0.0003343
0.0003524
0.0003594
0.0003663
0.0003605
0.0003684
0.0003817
0.0003824
0.0003820
0.0003811
0.0003832
0.0003691
0.0003489
0.0003415
0.0003318
0.0003379
0.0003513
0.0003498
0.0003557
0.0003538
0.0003529
0.0003514
0.0003464
0.0003462
0.0003457
0.0003407
0.0003472
0.0003404
0.0003241
0.0002916
0.0002661
0.0002419
0.0002164
0.0002061
0.0002109
0.0002169
0.0002251
0.0002347
0.0002451
0.0002563
0.0002635
0.0002676
0.0002791
0.0002944
0.0003071
0.0003155
0.0003224
0.0003271
0.0003315
0.0003288
0.0003251
0.0003166
0.0003037
0.0003017
0.0002962
0.0003025
0.0003064
0.0003132
0.0003322
0.0003374
0.0003524
0.0003558
0.0003640
0.0003597
0.0003561
0.0003553
0.0003584
0.0003503
0.0003441
0.0003526
0.0003610
0.0003773
0.0003965
0.0004141
0.0004359
0.0004444
0.0004537
0.0004679
0.0004798
0.0004735
0.0004777
0.0004891
0.0005052
0.0005241
0.0005419
0.0005488
0.0005624
0.0005829
0.0006224
0.0006543
0.0006867
0.0007121
0.0007294
0.0007323
0.0007456
0.0007649
0.0007761
0.0007692
0.0007565
0.0007301
0.0007085
0.0006873
0.0006682
0.0006617
0.0006504
0.0006403
0.0006325
0.0006312
0.0006305
0.0006299
0.0006170
0.0006060
0.0006003
0.0005978
0.0006062
0.0006148
0.0006196
0.0006277
0.0006376
0.0006406
0.0006353
0.0006350
0.0006337
0.0006342
0.0006244
0.0006303
0.0006282
0.0006181
0.0006065
0.0005989
0.0005861
0.0005817
0.0005792
0.0005876
0.0005813
0.0005812
0.0005786
0.0005824
0.0005848
0.0005937
0.0005957
0.0006058
0.0006126
0.0006167
0.0006258
0.0006329
0.0006544
0.0006563
0.0006620
0.0006543
0.0006373
0.0006224
0.0006128
0.0006041
0.0005992
0.0005991
0.0006005
0.0006001
0.0005988
0.0006097
0.0006182
0.0006117
0.0006005
0.0005937
0.0005808
0.0005718
0.0005599
0.0005477
0.0005343
0.0005234
0.0005146
0.0005094
0.0005046
0.0005068
0.0005109
0.0005192
0.0005279
0.0005418
0.0005528
0.0005608
0.0005541
0.0005572
0.0005635
0.0005626
0.0005623
0.0005694
0.0005773
0.0005784
0.0005698
0.0005595
0.0005538
0.0005561
0.0005539
0.0005479
0.0005439
0.0005353
0.0005184
0.0005137
0.0005136
0.0005163
0.0005240
0.0005239
0.0005264
0.0005179
0.0005045
0.0004962
0.0004955
0.0004945
0.0004879
0.0004807
0.0004770
0.0004766
0.0004597
0.0004502
0.0004344
0.0004060
0.0003827
0.0003659
0.0003595
0.0003445
0.0003278
0.0003094
0.0002959
0.0002916
0.0002990
0.0003055
0.0003085
0.0003102
0.0003047
0.0002958
0.0002903
0.0002816
0.0002675
0.0002617
0.0002561
0.0002451
0.0002393
0.0002372
0.0002356
0.0002401
0.0002416
0.0002536
0.0002664
0.0002707
0.0002869
0.0002916
0.0002907
0.0002852
0.0002726
0.0002703
0.0002662
0.0002605
0.0002423
0.0002290
0.0002171
0.0002088
0.0002094
0.0002243
0.0002456
0.0002609
0.0002770
0.0002854
0.0003017
0.0003052
0.0003025
0.0002995
0.0003002
0.0002969
0.0002925
0.0002922
0.0002971
0.0003069
0.0002967
0.0002922
0.0002760
0.0002571
0.0002463
0.0002354
0.0002338
0.0002398
0.0002422
0.0002464
0.0002484
0.0002460
0.0002483
0.0002449
0.0002386
0.0002269
0.0002126
0.0001996
0.0002103
0.0002220
0.0002397
0.0002539
0.0002717
0.0002731
0.0002624
0.0002588
0.0002678
0.0002666
0.0002683
0.0002829
0.0003012
0.0003102
0.0003157
0.0003126
0.0003021
0.0002897
0.0002741
0.0002657
0.0002540
0.0002438
0.0002387
0.0002346
0.0002289
0.0002242
0.0002180
0.0002169
0.0002200
0.0002017
0.0001847
0.0001734
0.0001598
0.0001638
0.0001616
0.0001656
0.0001705
0.0001824
0.0001920
0.0001903
0.0001931
0.0001849
0.0001805
0.0001742
0.0001643
0.0001620
0.0001532
0.0001359
0.0001252
0.0001167
0.0001050
0.0001002
0.0001034
0.0000986
0.0000963
0.0000906
0.0000806
0.0000623
0.0000486
0.0000429
0.0000407
0.0000561
0.0000722
0.0000919
0.0001121
0.0001261
0.0001277
0.0001404
0.0001497
0.0001510
0.0001385
0.0001206
0.0000987
0.0000779
0.0000613
0.0000514
0.0000299
0.0000060
0.0000038
0.0000028
0.0000028
0.0000156
0.0000210
0.0000174
0.0000129
0.0000153
0.0000048
-0.0000003
-0.0000183
-0.0000281
-0.0000240
-0.0000124
0.0000071
0.0000341
0.0000653
0.0000957
0.0001188
0.0001363
0.0001444
0.0001551
0.0001556
0.0001661
0.0001696
0.0001627
0.0001633
0.0001713
0.0001735
0.0001782
0.0001799
0.0001891
0.0002080
0.0002307
0.0002433
0.0002431
0.0002415
0.0002413
0.0002501
0.0002561
0.0002631
0.0002726
0.0002865
0.0002916
0.0002886
0.0002973
0.0003095
0.0003085
0.0003059
0.0003124
0.0003208
0.0003266
0.0003305
0.0003311
0.0003190
0.0003026
0.0002987
0.0002958
0.0002861
0.0002782
0.0002906
0.0003189
0.0003299
0.0003442
0.0003606
0.0003663
0.0003638
0.0003605
0.0003473
0.0003477
0.0003467
0.0003478
0.0003548
0.0003518
0.0003503
0.0003441
0.0003497
0.0003496
0.0003440
0.0003450
0.0003547
0.0003521
0.0003426
0.0003366
0.0003463
0.0003467
0.0003346
0.0003256
0.0003260
0.0003162
0.0003209
0.0003114
0.0003079
0.0003032
0.0002953
0.0002851
0.0002633
0.0002478
0.0002385
0.0002491
0.0002531
0.0002646
0.0002712
0.0002730
0.0002790
0.0002835
0.0002917
0.0003058
0.0003211
0.0003290
0.0003369
0.0003558
0.0003815
0.0004035
0.0004210
0.0004312
0.0004380
0.0004549
0.0004621
0.0004616
0.0004610
0.0004624
0.0004656
0.0004686
0.0004812
0.0004830
0.0005002
0.0005257
0.0005334
0.0005426
0.0005500
0.0005443
0.0005428
0.0005326
0.0005271
0.0005247
0.0005154
0.0005131
0.0005061
0.0005113
0.0005080
0.0005027
0.0005008
0.0005078
0.0005090
0.0005119
0.0005201
0.0005363
0.0005395
0.0005240
0.0005112
0.0004923
0.0004720
0.0004603
0.0004547
0.0004410
0.0004139
0.0003975
0.0003831
0.0003679
0.0003470
0.0003208
0.0002922
0.0002722
0.0002560
0.0002536
0.0002611
0.0002658
0.0002693
0.0002644
0.0002579
0.0002613
0.0002635
0.0002633
0.0002739
0.0002837
0.0002985
0.0003057
0.0003123
0.0003231
0.0003323
0.0003319
0.0003245
0.0003199
0.0003050
0.0002970
0.0002921
0.0002804
0.0002706
0.0002662
0.0002731
0.0002778
0.0002838
0.0002901
0.0002906
0.0002931
0.0002877
0.0002935
0.0002924
0.0002969
0.0002993
0.0002965
0.0002837
0.0002748
0.0002652
0.0002519
0.0002382
0.0002290
0.0002232
0.0002112
0.0002024
0.0001994
0.0002055
0.0002134
0.0002182
0.0002274
0.0002330
0.0002323
0.0002194
0.0002183
0.0002131
0.0002236
0.0002304
0.0002296
0.0002263
0.0002152
0.0001975
0.0001786
0.0001682
0.0001599
0.0001548
0.0001586
0.0001582
0.0001569
0.0001529
0.0001472
0.0001354
0.0001306
0.0001190
0.0000937
0.0000684
0.0000520
0.0000492
0.0000471
0.0000391
0.0000385
0.0000487
0.0000553
0.0000608
0.0000589
0.0000544
0.0000500
0.0000395
0.0000431
0.0000496
0.0000519
0.0000669
0.0000845
0.0001055
0.0001212
0.0001369
0.0001458
0.0001520
0.0001505
0.0001736
0.0001976
0.0002382
0.0002799
0.0003245
0.0003602
0.0003711
0.0003786
0.0003811
0.0003959
0.0003993
0.0004000
0.0004013
0.0004100
0.0004196
0.0004349
0.0004354
0.0004407
0.0004521
0.0004674
0.0004711
0.0004836
0.0004898
0.0004868
0.0004920
0.0005012
0.0005116
0.0005204
0.0005362
0.0005426
0.0005519
0.0005495
0.0005441
0.0005524
0.0005685
0.0005760
0.0005793
0.0005789
0.0005727
0.0005695
0.0005710
0.0005699
0.0005749
0.0005744
0.0005793
0.0005846
0.0005972
0.0006091
0.0006176
0.0006169
0.0006222
0.0006244
0.0006217
0.0006105
0.0005971
0.0005808
0.0005663
0.0005361
0.0005076
0.0004867
0.0004651
0.0004480
0.0004273
0.0004077
0.0003896
0.0003845
0.0003872
0.0003879
0.0003846
0.0003851
0.0003889
0.0003910
0.0003959
0.0003955
0.0004137
0.0004278
0.0004453
0.0004598
0.0004731
0.0004874
0.0004995
0.0005085
