0.0216855
0.0213461
0.0210262
0.0207251
0.0204387
0.0201597
0.0198922
0.0196339
0.0193836
0.0191452
0.0189152
0.0186974
0.0184895
0.0182859
0.0180872
0.0178932
0.0177085
0.0175287
0.0173531
0.0171818
0.0170170
0.0168580
0.0167032
0.0165517
0.0164073
0.0162667
0.0161319
0.0160019
0.0158771
0.0157541
0.0156326
0.0155139
0.0153979
0.0152837
0.0151734
0.0150633
0.0149575
0.0148535
0.0147520
0.0146515
0.0145543
0.0144582
0.0143629
0.0142700
0.0141786
0.0140898
0.0140034
0.0139179
0.0138354
0.0137558
0.0136785
0.0136020
0.0135273
0.0134534
0.0133839
0.0133117
0.0132424
0.0131697
0.0131004
0.0130312
0.0129651
0.0128993
0.0128345
0.0127695
0.0127050
0.0126406
0.0125761
0.0125131
0.0124492
0.0123874
0.0123297
0.0122732
0.0122178
0.0121620
0.0121068
0.0120515
0.0119987
0.0119458
0.0118926
0.0118415
0.0117915
0.0117417
0.0116929
0.0116444
0.0115978
0.0115517
0.0115058
0.0114619
0.0114170
0.0113737
0.0113308
0.0112899
0.0112501
0.0112101
0.0111707
0.0111266
0.0110798
0.0110337
0.0109899
0.0109468
0.0109020
0.0108562
0.0108128
0.0107689
0.0107257
0.0106835
0.0106415
0.0106016
0.0105624
0.0105226
0.0104825
0.0104420
0.0104019
0.0103636
0.0103288
0.0102941
0.0102593
0.0102254
0.0101937
0.0101623
0.0101299
0.0100963
0.0100651
0.0100344
0.0100049
0.0099762
0.0099505
0.0099242
0.0098951
0.0098642
0.0098341
0.0098053
0.0097742
0.0097423
0.0097133
0.0096829
0.0096543
0.0096258
0.0095970
0.0095685
0.0095393
0.0095111
0.0094817
0.0094528
0.0094237
0.0093960
0.0093654
0.0093348
0.0093040
0.0092738
0.0092432
0.0092130
0.0091836
0.0091559
0.0091283
0.0091001
0.0090747
0.0090510
0.0090265
0.0090017
0.0089757
0.0089487
0.0089212
0.0088938
0.0088665
0.0088419
0.0088175
0.0087915
0.0087685
0.0087445
0.0087214
0.0086989
0.0086764
0.0086526
0.0086287
0.0086057
0.0085840
0.0085637
0.0085436
0.0085227
0.0085029
0.0084848
0.0084684
0.0084525
0.0084358
0.0084216
0.0084066
0.0083916
0.0083765
0.0083622
0.0083482
0.0083331
0.0083183
0.0083006
0.0082822
0.0082635
0.0082450
0.0082265
0.0082106
0.0081928
0.0081753
0.0081590
0.0081412
0.0081231
0.0081040
0.0080851
0.0080696
0.0080518
0.0080326
0.0080122
0.0079906
0.0079690
0.0079489
0.0079296
0.0079106
0.0078922
0.0078730
0.0078537
0.0078357
0.0078173
0.0078007
0.0077847
0.0077692
0.0077528
0.0077363
0.0077191
0.0077048
0.0076889
0.0076710
0.0076549
0.0076381
0.0076203
0.0076040
0.0075878
0.0075715
0.0075573
0.0075402
0.0075238
0.0075095
0.0074962
0.0074821
0.0074694
0.0074562
0.0074444
0.0074304
0.0074164
0.0074035
0.0073925
0.0073822
0.0073733
0.0073638
0.0073538
0.0073436
0.0073337
0.0073236
0.0073133
0.0073013
0.0072911
0.0072790
0.0072685
0.0072559
0.0072422
0.0072300
0.0072168
0.0072033
0.0071905
0.0071763
0.0071630
0.0071499
0.0071370
0.0071242
0.0071108
0.0070960
0.0070798
0.0070650
0.0070508
0.0070370
0.0070232
0.0070118
0.0070017
0.0069913
0.0069798
0.0069689
0.0069559
0.0069418
0.0069289
0.0069140
0.0068984
0.0068820
0.0068650
0.0068451
0.0068253
0.0068054
0.0067873
0.0067699
0.0067509
0.0067331
0.0067173
0.0067020
0.0066843
0.0066679
0.0066531
0.0066414
0.0066306
0.0066195
0.0066084
0.0065976
0.0065893
0.0065792
0.0065706
0.0065618
0.0065508
0.0065398
0.0065297
0.0065211
0.0065120
0.0065035
0.0064962
0.0064883
0.0064810
0.0064734
0.0064656
0.0064552
0.0064443
0.0064348
0.0064269
0.0064189
0.0064108
0.0064011
0.0063927
0.0063860
0.0063757
0.0063658
0.0063553
0.0063469
0.0063360
0.0063252
0.0063140
0.0063024
0.0062903
0.0062787
0.0062704
0.0062639
0.0062557
0.0062475
0.0062392
0.0062316
0.0062249
0.0062148
0.0062040
0.0061933
0.0061835
0.0061753
0.0061670
0.0061588
0.0061492
0.0061400
0.0061304
0.0061209
0.0061111
0.0061040
0.0060974
0.0060890
0.0060803
0.0060714
0.0060635
0.0060547
0.0060451
0.0060346
0.0060248
0.0060162
0.0060084
0.0060029
0.0059972
0.0059914
0.0059864
0.0059802
0.0059733
0.0059648
0.0059581
0.0059520
0.0059452
0.0059391
0.0059339
0.0059276
0.0059206
0.0059136
0.0059060
0.0058985
0.0058891
0.0058805
0.0058719
0.0058621
0.0058522
0.0058424
0.0058326
0.0058213
0.0058124
0.0058031
0.0057936
0.0057846
0.0057764
0.0057674
0.0057578
0.0057501
0.0057436
0.0057355
0.0057287
0.0057211
0.0057129
0.0057055
0.0056986
0.0056920
0.0056846
0.0056754
0.0056664
0.0056564
0.0056464
0.0056349
0.0056240
0.0056131
0.0056035
0.0055955
0.0055871
0.0055798
0.0055721
0.0055658
0.0055602
0.0055531
0.0055472
0.0055414
0.0055357
0.0055286
0.0055243
0.0055198
0.0055163
0.0055113
0.0055070
0.0055024
0.0054999
0.0054954
0.0054916
0.0054896
0.0054852
0.0054792
0.0054726
0.0054651
0.0054585
0.0054518
0.0054454
0.0054381
0.0054344
0.0054283
0.0054236
0.0054186
0.0054130
0.0054074
0.0054035
0.0053993
0.0053968
0.0053947
0.0053911
0.0053861
0.0053815
0.0053755
0.0053688
0.0053632
0.0053576
0.0053520
0.0053466
0.0053424
0.0053387
0.0053355
0.0053318
0.0053282
0.0053244
0.0053212
0.0053166
0.0053115
0.0053063
0.0053026
0.0052981
0.0052938
0.0052896
0.0052846
0.0052810
0.0052766
0.0052743
0.0052737
0.0052730
0.0052711
0.0052704
0.0052707
0.0052689
0.0052679
0.0052658
0.0052655
0.0052641
0.0052607
0.0052579
0.0052553
0.0052520
0.0052477
0.0052417
0.0052371
0.0052328
0.0052305
0.0052254
0.0052192
0.0052138
0.0052063
0.0051978
0.0051901
0.0051825
0.0051780
0.0051735
0.0051714
0.0051694
0.0051677
0.0051650
0.0051637
0.0051609
0.0051606
0.0051626
0.0051638
0.0051647
0.0051645
0.0051631
0.0051626
0.0051608
0.0051608
0.0051602
0.0051584
0.0051561
0.0051536
0.0051508
0.0051484
0.0051468
0.0051448
0.0051403
0.0051369
0.0051317
0.0051268
0.0051237
0.0051211
0.0051182
0.0051153
0.0051127
0.0051103
0.0051062
0.0051004
0.0050953
0.0050929
0.0050926
0.0050916
0.0050897
0.0050896
0.0050879
0.0050876
0.0050871
0.0050855
0.0050844
0.0050852
0.0050861
0.0050858
0.0050839
0.0050819
0.0050790
0.0050760
0.0050740
0.0050724
0.0050706
0.0050682
0.0050639
0.0050602
0.0050566
0.0050553
0.0050528
0.0050502
0.0050473
0.0050441
0.0050415
0.0050408
0.0050393
0.0050358
0.0050338
0.0050312
0.0050295
0.0050271
0.0050260
0.0050242
0.0050229
0.0050206
0.0050202
0.0050202
0.0050199
0.0050204
0.0050215
0.0050236
0.0050232
0.0050220
0.0050215
0.0050219
0.0050203
0.0050190
0.0050173
0.0050161
0.0050147
0.0050134
0.0050127
0.0050109
0.0050069
0.0050024
0.0049981
0.0049944
0.0049923
0.0049909
0.0049902
0.0049912
0.0049928
0.0049950
0.0049966
0.0049960
0.0049946
0.0049926
0.0049902
0.0049869
0.0049840
0.0049800
0.0049767
0.0049745
0.0049715
0.0049698
0.0049685
0.0049664
0.0049635
0.0049614
0.0049573
0.0049531
0.0049497
0.0049464
0.0049436
0.0049420
0.0049431
0.0049446
0.0049457
0.0049484
0.0049503
0.0049515
0.0049546
0.0049594
0.0049629
0.0049643
0.0049663
0.0049674
0.0049674
0.0049650
0.0049629
0.0049595
0.0049552
0.0049502
0.0049460
0.0049425
0.0049384
0.0049350
0.0049299
0.0049257
0.0049203
0.0049159
0.0049115
0.0049085
0.0049053
0.0049023
0.0048974
0.0048941
0.0048926
0.0048921
0.0048913
0.0048890
0.0048862
0.0048851
0.0048842
0.0048819
0.0048807
0.0048804
0.0048772
0.0048738
0.0048696
0.0048650
0.0048623
0.0048597
0.0048545
0.0048481
0.0048404
0.0048338
0.0048274
0.0048213
0.0048144
0.0048078
0.0048006
0.0047949
0.0047895
0.0047829
0.0047758
0.0047692
0.0047621
0.0047553
0.0047475
0.0047391
0.0047322
0.0047272
0.0047224
0.0047174
0.0047138
0.0047112
0.0047086
0.0047069
0.0047057
0.0047026
0.0046998
0.0046977
0.0046934
0.0046882
0.0046821
0.0046757
0.0046706
0.0046672
0.0046646
0.0046629
0.0046621
0.0046623
0.0046630
0.0046648
0.0046643
0.0046654
0.0046660
0.0046673
0.0046668
0.0046655
0.0046640
0.0046611
0.0046585
0.0046551
0.0046527
0.0046507
0.0046483
0.0046460
0.0046437
0.0046411
0.0046431
0.0046450
0.0046476
0.0046491
0.0046503
0.0046502
0.0046509
0.0046533
0.0046547
0.0046543
0.0046524
0.0046521
0.0046481
0.0046425
0.0046374
0.0046329
0.0046294
0.0046239
0.0046178
0.0046114
0.0046061
0.0046006
0.0045946
0.0045886
0.0045828
0.0045767
0.0045698
0.0045616
0.0045540
0.0045455
0.0045383
0.0045323
0.0045251
0.0045168
0.0045099
0.0045046
0.0044999
0.0044957
0.0044908
0.0044855
0.0044820
0.0044794
0.0044773
0.0044747
0.0044721
0.0044700
0.0044679
0.0044662
0.0044635
0.0044605
0.0044576
0.0044566
0.0044560
0.0044549
0.0044556
0.0044549
0.0044547
0.0044534
0.0044533
0.0044549
0.0044576
0.0044598
0.0044616
0.0044634
0.0044647
0.0044668
0.0044702
0.0044741
0.0044771
0.0044785
0.0044799
0.0044808
0.0044820
0.0044829
0.0044837
0.0044860
0.0044881
0.0044909
0.0044939
0.0044956
0.0044972
0.0044991
0.0045009
0.0045017
0.0045023
0.0045025
0.0045019
0.0045020
0.0045033
0.0045056
0.0045066
0.0045068
0.0045062
0.0045062
0.0045054
0.0045035
0.0045012
0.0044991
0.0044986
0.0044987
0.0045008
0.0045047
0.0045076
0.0045101
0.0045104
0.0045100
0.0045115
0.0045134
0.0045131
0.0045139
0.0045157
0.0045166
0.0045166
0.0045163
0.0045157
0.0045153
0.0045148
0.0045142
0.0045144
0.0045156
0.0045174
0.0045201
0.0045229
0.0045244
0.0045254
0.0045235
0.0045212
0.0045189
0.0045163
0.0045131
0.0045093
0.0045059
0.0045023
0.0045011
0.0045015
0.0044998
0.0044966
0.0044937
0.0044914
0.0044906
0.0044900
0.0044903
0.0044918
0.0044937
0.0044950
0.0044961
0.0044953
0.0044920
0.0044878
0.0044827
0.0044777
0.0044721
0.0044681
0.0044644
0.0044630
0.0044615
0.0044611
0.0044595
0.0044585
0.0044566
0.0044554
0.0044557
0.0044560
0.0044554
0.0044528
0.0044513
0.0044504
0.0044499
0.0044500
0.0044511
0.0044531
0.0044539
0.0044550
0.0044565
0.0044568
0.0044565
0.0044564
0.0044567
0.0044574
0.0044593
0.0044613
0.0044618
0.0044615
0.0044607
0.0044596
0.0044585
0.0044564
0.0044544
0.0044511
0.0044479
0.0044437
0.0044403
0.0044357
0.0044321
0.0044285
0.0044247
0.0044216
0.0044197
0.0044187
0.0044154
0.0044122
0.0044080
0.0044033
0.0043998
0.0043971
0.0043936
0.0043899
0.0043861
0.0043830
0.0043794
0.0043731
0.0043637
0.0043563
0.0043474
0.0043397
0.0043309
0.0043234
0.0043160
0.0043085
0.0043011
0.0042948
0.0042890
0.0042845
0.0042794
0.0042747
0.0042705
0.0042671
0.0042621
0.0042578
0.0042557
0.0042530
0.0042510
0.0042482
0.0042462
0.0042438
0.0042436
0.0042436
0.0042444
0.0042448
0.0042447
0.0042451
0.0042443
0.0042439
0.0042435
0.0042423
0.0042420
0.0042439
0.0042439
0.0042432
0.0042424
0.0042419
0.0042411
0.0042400
0.0042390
0.0042341
0.0042300
0.0042251
0.0042210
0.0042170
0.0042139
0.0042112
0.0042082
0.0042049
0.0042001
0.0041955
0.0041931
0.0041910
0.0041871
0.0041825
0.0041767
0.0041700
0.0041627
0.0041564
0.0041497
0.0041434
0.0041363
0.0041282
0.0041205
0.0041119
0.0041032
0.0040964
0.0040907
0.0040857
0.0040804
0.0040747
0.0040699
0.0040648
0.0040581
0.0040508
0.0040438
0.0040376
0.0040298
0.0040204
0.0040101
0.0039989
0.0039894
0.0039804
0.0039729
0.0039658
0.0039594
0.0039534
0.0039460
0.0039386
0.0039316
0.0039268
0.0039241
0.0039221
0.0039203
0.0039171
0.0039159
0.0039133
0.0039112
0.0039098
0.0039078
0.0039036
0.0038994
0.0038957
0.0038914
0.0038867
0.0038808
0.0038748
0.0038691
0.0038625
0.0038563
0.0038493
0.0038427
0.0038335
0.0038238
0.0038146
0.0038064
0.0037987
0.0037913
0.0037862
0.0037821
0.0037776
0.0037732
0.0037691
0.0037659
0.0037653
0.0037660
0.0037674
0.0037698
0.0037707
0.0037701
0.0037692
0.0037689
0.0037666
0.0037639
0.0037606
0.0037583
0.0037563
0.0037537
0.0037525
0.0037509
0.0037502
0.0037486
0.0037439
0.0037398
0.0037339
0.0037310
0.0037281
0.0037248
0.0037220
0.0037208
0.0037200
0.0037194
0.0037199
0.0037194
0.0037184
0.0037172
0.0037172
0.0037183
0.0037194
0.0037209
0.0037217
0.0037248
0.0037278
0.0037322
0.0037360
0.0037394
0.0037427
0.0037456
0.0037492
0.0037525
0.0037560
0.0037606
0.0037658
0.0037714
0.0037769
0.0037809
0.0037847
0.0037891
0.0037927
0.0037964
0.0037996
0.0038024
0.0038052
0.0038071
0.0038086
0.0038095
0.0038105
0.0038132
0.0038155
0.0038177
0.0038200
0.0038221
0.0038248
0.0038282
0.0038312
0.0038350
0.0038405
0.0038458
0.0038501
0.0038540
0.0038566
0.0038584
0.0038582
0.0038577
0.0038559
0.0038541
0.0038518
0.0038502
0.0038482
0.0038463
0.0038444
0.0038430
0.0038417
0.0038401
0.0038365
0.0038341
0.0038333
0.0038333
0.0038338
0.0038352
0.0038362
0.0038350
0.0038348
0.0038329
0.0038313
0.0038298
0.0038264
0.0038241
0.0038213
0.0038182
0.0038127
0.0038065
0.0038014
0.0037974
0.0037938
0.0037887
0.0037835
0.0037772
0.0037707
0.0037653
0.0037606
0.0037558
0.0037504
0.0037440
0.0037399
0.0037354
0.0037299
0.0037247
0.0037174
0.0037103
0.0037050
0.0036982
0.0036917
0.0036868
0.0036815
0.0036763
0.0036716
0.0036672
0.0036634
0.0036595
0.0036570
0.0036544
0.0036516
0.0036493
0.0036457
0.0036444
0.0036437
0.0036441
0.0036431
0.0036409
0.0036393
0.0036384
0.0036378
0.0036369
0.0036351
0.0036328
0.0036326
0.0036323
0.0036328
0.0036321
0.0036307
0.0036297
0.0036278
0.0036255
0.0036246
0.0036226
0.0036198
0.0036180
0.0036168
0.0036160
0.0036183
0.0036193
0.0036214
0.0036235
0.0036249
0.0036258
0.0036263
0.0036268
0.0036266
0.0036264
0.0036256
0.0036238
0.0036205
0.0036161
0.0036126
0.0036102
0.0036091
0.0036096
0.0036097
0.0036095
0.0036081
0.0036073
0.0036068
0.0036065
0.0036063
0.0036049
0.0036022
0.0035993
0.0035957
0.0035927
0.0035905
0.0035884
0.0035875
0.0035856
0.0035822
0.0035796
0.0035776
0.0035766
0.0035745
0.0035708
0.0035671
0.0035643
0.0035603
0.0035560
0.0035537
0.0035516
0.0035506
0.0035504
0.0035493
0.0035502
0.0035502
0.0035517
0.0035529
0.0035534
0.0035536
0.0035539
0.0035540
0.0035548
0.0035564
0.0035574
0.0035588
0.0035600
0.0035620
0.0035619
0.0035628
0.0035635
0.0035644
0.0035652
0.0035673
0.0035686
0.0035676
0.0035668
0.0035664
0.0035650
0.0035627
0.0035592
0.0035530
0.0035474
0.0035415
0.0035360
0.0035307
0.0035251
0.0035208
0.0035161
0.0035112
0.0035067
0.0035027
0.0034976
0.0034917
0.0034867
0.0034820
0.0034774
0.0034742
0.0034710
0.0034676
0.0034657
0.0034628
0.0034598
0.0034558
0.0034537
0.0034506
0.0034473
0.0034446
0.0034442
0.0034444
0.0034447
0.0034440
0.0034423
0.0034421
0.0034425
0.0034427
0.0034426
0.0034430
0.0034431
0.0034436
0.0034440
0.0034452
0.0034475
0.0034500
0.0034516
0.0034535
0.0034553
0.0034562
0.0034568
0.0034569
0.0034574
0.0034577
0.0034576
0.0034566
0.0034576
0.0034581
0.0034570
0.0034551
0.0034544
0.0034545
0.0034560
0.0034573
0.0034596
0.0034620
0.0034633
0.0034648
0.0034656
0.0034653
0.0034647
0.0034647
0.0034644
0.0034646
0.0034659
0.0034667
0.0034674
0.0034676
0.0034674
0.0034666
0.0034670
0.0034673
0.0034686
0.0034704
0.0034725
0.0034731
0.0034707
0.0034694
0.0034679
0.0034665
0.0034657
0.0034642
0.0034619
0.0034601
0.0034573
0.0034554
0.0034518
0.0034492
0.0034456
0.0034419
0.0034382
0.0034356
0.0034340
0.0034329
0.0034308
0.0034283
0.0034255
0.0034243
0.0034232
0.0034225
0.0034208
0.0034194
0.0034183
0.0034158
0.0034146
0.0034132
0.0034124
0.0034119
0.0034119
0.0034120
0.0034121
0.0034141
0.0034166
0.0034188
0.0034202
0.0034249
0.0034298
0.0034342
0.0034382
0.0034429
0.0034488
0.0034549
0.0034592
0.0034627
0.0034651
0.0034683
0.0034725
0.0034763
0.0034797
0.0034832
0.0034867
0.0034881
0.0034895
0.0034923
0.0034931
0.0034946
0.0034957
0.0034962
0.0034948
0.0034942
0.0034926
0.0034908
0.0034880
0.0034854
0.0034842
0.0034834
0.0034834
0.0034820
0.0034801
0.0034770
0.0034730
0.0034691
0.0034660
0.0034655
0.0034647
0.0034643
0.0034642
0.0034631
0.0034615
0.0034602
0.0034587
0.0034565
0.0034544
0.0034523
0.0034492
0.0034468
0.0034441
0.0034419
0.0034389
0.0034373
0.0034336
0.0034312
0.0034299
0.0034278
0.0034263
0.0034247
0.0034234
0.0034214
0.0034205
0.0034196
0.0034185
0.0034189
0.0034184
0.0034173
0.0034171
0.0034157
0.0034132
0.0034113
0.0034094
0.0034074
0.0034067
0.0034050
0.0034025
0.0034016
0.0034008
0.0034002
0.0033995
0.0033970
0.0033965
0.0033952
0.0033928
0.0033899
0.0033863
0.0033841
0.0033825
0.0033807
0.0033785
0.0033763
0.0033742
0.0033719
0.0033702
0.0033690
0.0033692
0.0033682
0.0033685
0.0033673
0.0033650
0.0033626
0.0033612
0.0033586
0.0033571
0.0033544
0.0033511
0.0033490
0.0033489
0.0033495
0.0033498
0.0033501
0.0033492
0.0033488
0.0033489
0.0033487
0.0033480
0.0033479
0.0033482
0.0033484
0.0033487
0.0033471
0.0033456
0.0033446
0.0033422
0.0033416
0.0033406
0.0033394
0.0033381
0.0033369
0.0033376
0.0033376
0.0033374
0.0033369
0.0033359
0.0033353
0.0033354
0.0033342
0.0033315
0.0033289
0.0033266
0.0033241
0.0033224
0.0033203
0.0033190
0.0033165
0.0033147
0.0033115
0.0033100
0.0033064
0.0033036
0.0033000
0.0032963
0.0032926
0.0032901
0.0032865
0.0032838
0.0032811
0.0032776
0.0032751
0.0032716
0.0032691
0.0032652
0.0032610
0.0032568
0.0032536
0.0032521
0.0032498
0.0032477
0.0032477
0.0032492
0.0032509
0.0032524
0.0032550
0.0032571
0.0032586
0.0032589
0.0032603
0.0032608
0.0032610
0.0032616
0.0032631
0.0032658
0.0032680
0.0032721
0.0032761
0.0032804
0.0032849
0.0032894
0.0032945
0.0033037
0.0033111
0.0033191
0.0033255
0.0033312
0.0033363
0.0033419
0.0033468
0.0033508
0.0033540
0.0033569
0.0033599
0.0033627
0.0033649
0.0033686
0.0033732
0.0033771
0.0033810
0.0033842
0.0033884
0.0033941
0.0034008
0.0034068
0.0034130
0.0034175
0.0034214
0.0034273
0.0034347
0.0034402
0.0034428
0.0034455
0.0034478
0.0034491
0.0034517
0.0034543
0.0034562
0.0034588
0.0034615
0.0034648
0.0034685
0.0034709
0.0034715
0.0034731
0.0034734
0.0034743
0.0034758
0.0034771
0.0034777
0.0034784
0.0034795
0.0034805
0.0034793
0.0034770
0.0034733
0.0034715
0.0034713
0.0034697
0.0034685
0.0034676
0.0034675
0.0034672
0.0034669
0.0034663
0.0034667
0.0034667
0.0034656
0.0034659
0.0034653
0.0034647
0.0034629
0.0034603
0.0034563
0.0034544
0.0034524
0.0034498
0.0034474
0.0034456
0.0034452
0.0034428
0.0034422
0.0034416
0.0034407
0.0034402
0.0034410
0.0034427
0.0034432
0.0034442
0.0034430
0.0034416
0.0034401
0.0034372
0.0034342
0.0034319
0.0034295
0.0034287
0.0034273
0.0034253
0.0034212
0.0034193
0.0034191
0.0034186
0.0034170
0.0034169
0.0034167
0.0034169
0.0034167
0.0034166
0.0034163
0.0034156
0.0034138
0.0034119
0.0034108
0.0034105
0.0034107
0.0034112
0.0034118
0.0034120
0.0034106
0.0034099
0.0034102
0.0034118
0.0034127
0.0034152
0.0034168
0.0034201
0.0034231
0.0034258
0.0034277
0.0034291
0.0034309
0.0034309
0.0034295
0.0034289
0.0034268
0.0034236
0.0034214
0.0034206
0.0034211
0.0034206
0.0034196
0.0034187
0.0034203
0.0034219
0.0034223
0.0034224
0.0034228
0.0034238
0.0034257
0.0034273
0.0034288
0.0034303
0.0034316
0.0034332
0.0034342
0.0034353
0.0034345
0.0034348
0.0034354
0.0034361
0.0034376
0.0034393
0.0034405
0.0034405
0.0034413
0.0034420
0.0034440
0.0034458
0.0034469
0.0034493
0.0034517
0.0034543
0.0034566
0.0034589
0.0034627
0.0034657
0.0034683
0.0034708
0.0034734
0.0034772
0.0034802
0.0034831
0.0034852
0.0034876
0.0034907
0.0034931
0.0034962
0.0034990
0.0035015
0.0035042
0.0035062
0.0035088
0.0035105
0.0035107
0.0035104
0.0035114
0.0035126
0.0035135
0.0035137
0.0035146
0.0035157
0.0035166
0.0035165
0.0035168
0.0035176
0.0035193
0.0035191
0.0035205
0.0035226
0.0035238
0.0035231
0.0035237
0.0035252
0.0035272
0.0035274
0.0035277
0.0035280
0.0035258
0.0035243
0.0035222
0.0035201
0.0035184
0.0035163
0.0035153
0.0035130
0.0035123
0.0035108
0.0035086
0.0035065
0.0035038
0.0034995
0.0034949
0.0034902
0.0034849
0.0034802
0.0034759
0.0034725
0.0034689
0.0034653
0.0034631
0.0034594
0.0034566
0.0034547
0.0034529
0.0034518
0.0034513
0.0034524
0.0034533
0.0034530
0.0034494
0.0034467
0.0034423
0.0034383
0.0034347
0.0034292
0.0034242
0.0034185
0.0034130
0.0034075
0.0034013
0.0033944
0.0033889
0.0033824
0.0033765
0.0033723
0.0033679
0.0033626
0.0033554
0.0033492
0.0033432
0.0033384
0.0033357
0.0033334
0.0033311
0.0033291
0.0033280
0.0033267
0.0033254
0.0033235
0.0033208
0.0033174
0.0033126
0.0033080
0.0033035
0.0032996
0.0032939
0.0032878
0.0032816
0.0032738
0.0032663
0.0032597
0.0032545
0.0032489
0.0032452
0.0032443
0.0032432
0.0032411
0.0032396
0.0032378
0.0032381
0.0032365
0.0032367
0.0032377
0.0032381
0.0032376
0.0032385
0.0032389
0.0032391
0.0032413
0.0032423
0.0032440
0.0032454
0.0032459
0.0032453
0.0032439
0.0032417
0.0032405
0.0032407
0.0032423
0.0032427
0.0032416
0.0032412
0.0032395
0.0032384
0.0032386
0.0032396
0.0032399
0.0032397
0.0032386
0.0032372
0.0032351
0.0032321
0.0032285
0.0032226
0.0032161
0.0032095
0.0032041
0.0031992
0.0031960
0.0031940
0.0031915
0.0031890
0.0031873
0.0031846
0.0031806
0.0031751
0.0031690
0.0031659
0.0031631
0.0031609
0.0031615
0.0031635
0.0031655
0.0031678
0.0031704
0.0031730
0.0031751
0.0031777
0.0031785
0.0031804
0.0031794
0.0031790
0.0031791
0.0031789
0.0031803
0.0031817
0.0031847
0.0031872
0.0031904
0.0031933
0.0031959
0.0031974
0.0031973
0.0031992
0.0032022
0.0032058
0.0032104
0.0032145
0.0032203
0.0032254
0.0032312
0.0032382
0.0032463
0.0032516
0.0032559
0.0032601
0.0032649
0.0032705
0.0032765
0.0032838
0.0032917
0.0032967
0.0033015
0.0033056
0.0033095
0.0033134
0.0033158
0.0033167
0.0033185
0.0033191
0.0033184
0.0033182
0.0033170
0.0033154
0.0033146
0.0033139
0.0033145
0.0033160
0.0033182
0.0033200
0.0033221
0.0033237
0.0033261
0.0033285
0.0033308
0.0033330
0.0033345
0.0033357
0.0033359
0.0033354
0.0033344
0.0033351
0.0033348
0.0033354
0.0033367
0.0033390
0.0033414
0.0033454
0.0033486
0.0033511
0.0033552
0.0033599
0.0033635
0.0033684
0.0033730
0.0033771
0.0033815
0.0033866
0.0033898
0.0033923
0.0033955
0.0033983
0.0033993
0.0034004
0.0034006
0.0034010
0.0034019
0.0034013
0.0034001
0.0033978
0.0033959
0.0033930
0.0033913
0.0033890
0.0033873
0.0033858
0.0033842
0.0033844
0.0033847
0.0033833
0.0033835
0.0033843
0.0033841
0.0033848
0.0033847
0.0033844
0.0033840
0.0033829
0.0033822
0.0033823
0.0033819
0.0033822
0.0033803
0.0033774
0.0033750
0.0033731
0.0033695
0.0033662
0.0033630
0.0033583
0.0033543
0.0033509
0.0033492
0.0033479
0.0033461
0.0033443
0.0033429
0.0033423
0.0033420
0.0033418
0.0033418
0.0033421
0.0033416
0.0033401
0.0033379
0.0033372
0.0033353
0.0033357
0.0033349
0.0033349
0.0033353
0.0033354
0.0033361
0.0033371
0.0033379
0.0033376
0.0033364
0.0033355
0.0033342
0.0033321
0.0033302
0.0033266
0.0033225
0.0033190
0.0033154
0.0033099
0.0033057
0.0033011
0.0032968
0.0032925
0.0032883
0.0032840
0.0032794
0.0032753
0.0032714
0.0032658
0.0032609
0.0032553
0.0032482
0.0032410
0.0032359
0.0032293
0.0032238
0.0032192
0.0032149
0.0032097
0.0032026
0.0031949
0.0031891
0.0031845
0.0031789
0.0031735
0.0031681
0.0031612
0.0031540
0.0031473
0.0031404
0.0031343
0.0031287
0.0031228
0.0031187
0.0031142
0.0031108
0.0031077
0.0031029
0.0030987
0.0030956
0.0030927
0.0030886
0.0030840
0.0030807
0.0030780
0.0030757
0.0030729
0.0030697
0.0030675
0.0030652
0.0030620
0.0030601
0.0030568
0.0030528
0.0030468
0.0030415
0.0030369
0.0030316
0.0030289
0.0030255
0.0030215
0.0030174
0.0030137
0.0030114
0.0030094
0.0030071
0.0030040
0.0030041
0.0030028
0.0030027
0.0030032
0.0030044
0.0030070
0.0030097
0.0030123
0.0030144
0.0030167
0.0030202
0.0030212
0.0030224
0.0030235
0.0030260
0.0030282
0.0030301
0.0030323
0.0030349
0.0030362
0.0030381
0.0030410
0.0030433
0.0030443
0.0030454
0.0030458
0.0030472
0.0030478
0.0030479
0.0030481
0.0030475
0.0030456
0.0030417
0.0030387
0.0030351
0.0030307
0.0030259
0.0030206
0.0030159
0.0030125
0.0030078
0.0030046
0.0030020
0.0029989
0.0029958
0.0029917
0.0029878
0.0029851
0.0029826
0.0029810
0.0029802
0.0029818
0.0029843
0.0029858
0.0029860
0.0029869
0.0029892
0.0029903
0.0029928
0.0029950
0.0029967
0.0029981
0.0030002
0.0030037
0.0030057
0.0030079
0.0030106
0.0030138
0.0030166
0.0030190
0.0030229
0.0030249
0.0030265
0.0030260
0.0030254
0.0030240
0.0030241
0.0030245
0.0030255
0.0030264
0.0030287
0.0030303
0.0030322
0.0030345
0.0030377
0.0030406
0.0030455
0.0030489
0.0030514
0.0030545
0.0030578
0.0030616
0.0030655
0.0030694
0.0030739
0.0030807
0.0030896
0.0030963
0.0031030
0.0031104
0.0031173
0.0031262
0.0031325
0.0031382
0.0031438
0.0031485
0.0031530
0.0031582
0.0031633
0.0031672
0.0031722
0.0031745
0.0031754
0.0031748
0.0031748
0.0031744
0.0031728
0.0031729
0.0031721
0.0031720
0.0031741
0.0031754
0.0031781
0.0031799
0.0031814
0.0031808
0.0031814
0.0031824
0.0031841
0.0031832
0.0031842
0.0031861
0.0031875
0.0031889
0.0031912
0.0031916
0.0031911
0.0031909
0.0031905
0.0031891
0.0031869
0.0031834
0.0031798
0.0031773
0.0031744
0.0031721
0.0031696
0.0031671
0.0031657
0.0031641
0.0031632
0.0031623
0.0031620
0.0031622
0.0031625
0.0031618
0.0031629
0.0031645
0.0031660
0.0031675
0.0031690
0.0031704
0.0031719
0.0031728
0.0031734
0.0031749
0.0031765
0.0031781
0.0031798
0.0031820
0.0031839
0.0031851
0.0031869
0.0031876
0.0031880
0.0031888
0.0031884
0.0031874
0.0031875
0.0031879
0.0031865
0.0031855
0.0031832
0.0031816
0.0031796
0.0031781
0.0031773
0.0031770
0.0031777
0.0031774
0.0031762
0.0031734
0.0031684
0.0031652
0.0031610
0.0031566
0.0031516
0.0031484
0.0031452
0.0031419
0.0031375
0.0031362
0.0031350
0.0031336
0.0031321
0.0031303
0.0031294
0.0031283
0.0031269
0.0031247
0.0031221
0.0031203
0.0031188
0.0031179
0.0031172
0.0031158
0.0031138
0.0031126
0.0031135
0.0031144
0.0031142
0.0031135
0.0031125
0.0031117
0.0031124
0.0031135
0.0031162
0.0031187
0.0031211
0.0031226
0.0031246
0.0031265
0.0031258
0.0031238
0.0031212
0.0031204
0.0031195
0.0031159
0.0031129
0.0031125
0.0031127
0.0031127
0.0031126
0.0031133
0.0031128
0.0031125
0.0031117
0.0031100
0.0031090
0.0031087
0.0031079
0.0031070
0.0031066
0.0031067
0.0031048
0.0031031
0.0031004
0.0031001
0.0030987
0.0030978
0.0030977
0.0030978
0.0030944
0.0030934
0.0030929
0.0030926
0.0030924
0.0030919
0.0030907
0.0030896
0.0030889
0.0030883
0.0030881
0.0030875
0.0030859
0.0030852
0.0030850
0.0030846
0.0030845
0.0030841
0.0030820
0.0030814
0.0030806
0.0030790
0.0030766
0.0030763
0.0030755
0.0030738
0.0030722
0.0030711
0.0030712
0.0030710
0.0030708
0.0030721
0.0030737
0.0030765
0.0030794
0.0030835
0.0030886
0.0030917
0.0030945
0.0030971
0.0030985
0.0030989
0.0030990
0.0030988
0.0030983
0.0030977
0.0030975
0.0030968
0.0030958
0.0030942
0.0030931
0.0030928
0.0030919
0.0030932
0.0030940
0.0030949
0.0030942
0.0030937
0.0030942
0.0030941
0.0030940
0.0030942
0.0030934
0.0030919
0.0030891
0.0030887
0.0030877
0.0030874
0.0030882
0.0030888
0.0030884
0.0030879
0.0030877
0.0030889
0.0030900
0.0030903
0.0030920
0.0030951
0.0030989
0.0031023
0.0031066
0.0031111
0.0031167
0.0031226
0.0031283
0.0031336
0.0031371
0.0031415
0.0031453
0.0031494
0.0031541
0.0031592
0.0031622
0.0031671
0.0031719
0.0031765
0.0031807
0.0031859
0.0031905
0.0031944
0.0031967
0.0031991
0.0032013
0.0032041
0.0032064
0.0032089
0.0032112
0.0032129
0.0032147
0.0032161
0.0032175
0.0032192
0.0032195
0.0032210
0.0032245
0.0032291
0.0032321
0.0032361
0.0032419
0.0032467
0.0032509
0.0032558
0.0032618
0.0032669
0.0032714
0.0032755
0.0032804
0.0032853
0.0032898
0.0032945
0.0032985
0.0033021
0.0033059
0.0033101
0.0033137
0.0033165
0.0033185
0.0033211
0.0033225
0.0033247
0.0033254
0.0033258
0.0033271
0.0033260
0.0033219
0.0033169
0.0033111
0.0033072
0.0033042
0.0033016
0.0032996
0.0032969
0.0032937
0.0032920
0.0032906
0.0032898
0.0032893
0.0032886
0.0032864
0.0032842
0.0032836
0.0032843
0.0032854
0.0032880
0.0032908
0.0032940
0.0032957
0.0032973
0.0032979
0.0032988
0.0032991
0.0033005
0.0032993
0.0032982
0.0032956
0.0032925
0.0032901
0.0032881
0.0032846
0.0032810
0.0032771
0.0032723
0.0032687
0.0032638
0.0032613
0.0032602
0.0032576
0.0032559
0.0032538
0.0032516
0.0032501
0.0032482
0.0032466
0.0032448
0.0032434
0.0032430
0.0032427
0.0032431
0.0032440
0.0032453
0.0032449
0.0032443
0.0032424
0.0032425
0.0032426
0.0032432
0.0032448
0.0032458
0.0032468
0.0032470
0.0032479
0.0032482
0.0032475
0.0032486
0.0032494
0.0032499
0.0032497
0.0032499
0.0032516
0.0032530
0.0032546
0.0032567
0.0032582
0.0032580
0.0032586
0.0032574
0.0032576
0.0032577
0.0032575
0.0032568
0.0032572
0.0032577
0.0032572
0.0032562
0.0032548
0.0032535
0.0032524
0.0032524
0.0032526
0.0032524
0.0032547
0.0032559
0.0032569
0.0032578
0.0032606
0.0032621
0.0032636
0.0032656
0.0032668
0.0032678
0.0032671
0.0032671
0.0032670
0.0032663
0.0032649
0.0032637
0.0032618
0.0032593
0.0032579
0.0032557
0.0032540
0.0032531
0.0032527
0.0032514
0.0032508
0.0032495
0.0032488
0.0032458
0.0032417
0.0032371
0.0032337
0.0032293
0.0032232
0.0032191
0.0032163
0.0032136
0.0032103
0.0032076
0.0032065
0.0032062
0.0032060
0.0032055
0.0032050
0.0032062
0.0032066
0.0032066
0.0032062
0.0032055
0.0032055
0.0032044
0.0032023
0.0032001
0.0031985
0.0031977
0.0031971
0.0031958
0.0031931
0.0031900
0.0031879
0.0031836
0.0031799
0.0031752
0.0031685
0.0031617
0.0031563
0.0031513
0.0031463
0.0031393
0.0031323
0.0031258
0.0031211
0.0031159
0.0031098
0.0031021
0.0030950
0.0030876
0.0030816
0.0030745
0.0030663
0.0030604
0.0030547
0.0030510
0.0030459
0.0030409
0.0030369
0.0030344
0.0030313
0.0030279
0.0030257
0.0030218
0.0030174
0.0030140
0.0030106
0.0030090
0.0030082
0.0030078
0.0030081
0.0030083
0.0030084
0.0030073
0.0030065
0.0030051
0.0030032
0.0030014
0.0029986
0.0029960
0.0029925
0.0029874
0.0029824
0.0029776
0.0029735
0.0029699
0.0029665
0.0029621
0.0029602
0.0029599
0.0029598
0.0029606
0.0029618
0.0029621
0.0029624
0.0029630
0.0029618
0.0029595
0.0029585
0.0029580
0.0029557
0.0029548
0.0029547
0.0029565
0.0029587
0.0029607
0.0029610
0.0029587
0.0029565
0.0029536
0.0029510
0.0029466
0.0029425
0.0029389
0.0029344
0.0029300
0.0029239
0.0029185
0.0029135
0.0029085
0.0029027
0.0028970
0.0028932
0.0028874
0.0028819
0.0028758
0.0028689
0.0028625
0.0028573
0.0028512
0.0028466
0.0028433
0.0028396
0.0028352
0.0028319
0.0028291
0.0028263
0.0028239
0.0028214
0.0028185
0.0028155
0.0028113
0.0028070
0.0028040
0.0028008
0.0027967
0.0027943
0.0027930
0.0027931
0.0027913
0.0027910
0.0027918
0.0027921
0.0027903
0.0027861
0.0027820
0.0027779
0.0027747
0.0027730
0.0027692
0.0027666
0.0027646
0.0027638
0.0027620
0.0027612
0.0027614
0.0027618
0.0027617
0.0027604
0.0027616
0.0027636
0.0027651
0.0027663
0.0027697
0.0027743
0.0027785
0.0027822
0.0027860
0.0027907
0.0027939
0.0027964
0.0027968
0.0027975
0.0027985
0.0027996
0.0028002
0.0027996
0.0027996
0.0027982
0.0027970
0.0027961
0.0027953
0.0027945
0.0027935
0.0027920
0.0027901
0.0027903
0.0027895
0.0027884
0.0027907
0.0027927
0.0027950
0.0027972
0.0027982
0.0027990
0.0028000
0.0027999
0.0028002
0.0028001
0.0028005
0.0028030
0.0028040
0.0028035
0.0028025
0.0028017
0.0028020
0.0028028
0.0028031
0.0028034
0.0028040
0.0028041
0.0028042
0.0028040
0.0028061
0.0028075
0.0028086
0.0028101
0.0028124
0.0028146
0.0028174
0.0028203
0.0028248
0.0028290
0.0028334
0.0028378
0.0028409
0.0028437
0.0028448
0.0028460
0.0028457
0.0028457
0.0028460
0.0028450
0.0028434
0.0028412
0.0028410
0.0028423
0.0028431
0.0028446
0.0028462
0.0028497
0.0028536
0.0028588
0.0028615
0.0028634
0.0028642
0.0028649
0.0028664
0.0028666
0.0028675
0.0028684
0.0028693
0.0028707
0.0028726
0.0028765
0.0028817
0.0028858
0.0028887
0.0028928
0.0028969
0.0029005
0.0029037
0.0029055
0.0029071
0.0029077
0.0029074
0.0029075
0.0029074
0.0029075
0.0029067
0.0029052
0.0029038
0.0029011
0.0028978
0.0028960
0.0028948
0.0028930
0.0028911
0.0028889
0.0028871
0.0028852
0.0028821
0.0028789
0.0028754
0.0028716
0.0028670
0.0028617
0.0028566
0.0028518
0.0028475
0.0028457
0.0028448
0.0028415
0.0028391
0.0028370
0.0028350
0.0028324
0.0028290
0.0028270
0.0028274
0.0028264
0.0028254
0.0028242
0.0028227
0.0028211
0.0028202
0.0028215
0.0028209
0.0028199
0.0028214
0.0028220
0.0028231
0.0028230
0.0028231
0.0028217
0.0028198
0.0028191
0.0028160
0.0028127
0.0028109
0.0028089
0.0028051
0.0028020
0.0027989
0.0027966
0.0027951
0.0027937
0.0027900
0.0027854
0.0027810
0.0027760
0.0027708
0.0027664
0.0027627
0.0027606
0.0027587
0.0027575
0.0027548
0.0027519
0.0027499
0.0027468
0.0027434
0.0027385
0.0027342
0.0027312
0.0027279
0.0027245
0.0027219
0.0027205
0.0027200
0.0027189
0.0027177
0.0027166
0.0027139
0.0027101
0.0027084
0.0027064
0.0027048
0.0027029
0.0027008
0.0027000
0.0026992
0.0026989
0.0026991
0.0026982
0.0026967
0.0026951
0.0026944
0.0026938
0.0026941
0.0026944
0.0026935
0.0026917
0.0026896
0.0026884
0.0026870
0.0026869
0.0026879
0.0026889
0.0026886
0.0026897
0.0026917
0.0026933
0.0026940
0.0026943
0.0026930
0.0026923
0.0026914
0.0026895
0.0026882
0.0026859
0.0026835
0.0026809
0.0026786
0.0026762
0.0026732
0.0026696
0.0026670
0.0026628
0.0026595
0.0026582
0.0026566
0.0026567
0.0026582
0.0026589
0.0026590
0.0026589
0.0026571
0.0026560
0.0026538
0.0026511
0.0026489
0.0026470
0.0026458
0.0026437
0.0026427
0.0026417
0.0026396
0.0026360
0.0026327
0.0026295
0.0026275
0.0026252
0.0026235
0.0026226
0.0026229
0.0026255
0.0026291
0.0026349
0.0026392
0.0026430
0.0026471
0.0026508
0.0026545
0.0026579
0.0026618
0.0026657
0.0026702
0.0026728
0.0026764
0.0026794
0.0026829
0.0026855
0.0026889
0.0026917
0.0026932
0.0026948
0.0026963
0.0026970
0.0026959
0.0026941
0.0026911
0.0026874
0.0026849
0.0026845
0.0026838
0.0026828
0.0026808
0.0026789
0.0026769
0.0026734
0.0026696
0.0026661
0.0026626
0.0026607
0.0026594
0.0026592
0.0026576
0.0026550
0.0026541
0.0026537
0.0026526
0.0026523
0.0026518
0.0026504
0.0026469
0.0026466
0.0026475
0.0026483
0.0026490
0.0026493
0.0026486
0.0026483
0.0026488
0.0026479
0.0026467
0.0026459
0.0026444
0.0026432
0.0026393
0.0026369
0.0026337
0.0026296
0.0026264
0.0026257
0.0026243
0.0026236
0.0026237
0.0026232
0.0026237
0.0026246
0.0026251
0.0026264
0.0026271
0.0026280
0.0026271
0.0026264
0.0026243
0.0026218
0.0026178
0.0026160
0.0026142
0.0026112
0.0026087
0.0026049
0.0026015
0.0025982
0.0025953
0.0025924
0.0025903
0.0025884
0.0025857
0.0025838
0.0025798
0.0025751
0.0025719
0.0025703
0.0025697
0.0025702
0.0025713
0.0025721
0.0025725
0.0025738
0.0025750
0.0025770
0.0025784
0.0025815
0.0025842
0.0025864
0.0025867
0.0025863
0.0025852
0.0025849
0.0025845
0.0025837
0.0025823
0.0025801
0.0025770
0.0025738
0.0025694
0.0025644
0.0025587
0.0025550
0.0025500
0.0025450
0.0025399
0.0025340
0.0025286
0.0025243
0.0025228
0.0025216
0.0025202
0.0025195
0.0025193
0.0025179
0.0025178
0.0025170
0.0025155
0.0025149
0.0025151
0.0025150
0.0025139
0.0025124
0.0025116
0.0025106
0.0025099
0.0025098
0.0025089
0.0025084
0.0025090
0.0025084
0.0025060
0.0025037
0.0024996
0.0024977
0.0024963
0.0024936
0.0024909
0.0024883
0.0024866
0.0024834
0.0024810
0.0024785
0.0024764
0.0024766
0.0024764
0.0024737
0.0024690
0.0024650
0.0024602
0.0024544
0.0024483
0.0024430
0.0024386
0.0024352
0.0024316
0.0024268
0.0024239
0.0024203
0.0024157
0.0024102
0.0024048
0.0024008
0.0023973
0.0023949
0.0023912
0.0023875
0.0023832
0.0023797
0.0023745
0.0023693
0.0023653
0.0023623
0.0023589
0.0023545
0.0023504
0.0023475
0.0023443
0.0023416
0.0023362
0.0023303
0.0023266
0.0023223
0.0023165
0.0023088
0.0023025
0.0022951
0.0022857
0.0022757
0.0022652
0.0022542
0.0022432
0.0022323
0.0022229
0.0022140
0.0022065
0.0022000
0.0021920
0.0021838
0.0021752
0.0021675
0.0021609
0.0021544
0.0021485
0.0021433
0.0021400
0.0021367
0.0021334
0.0021284
0.0021253
0.0021222
0.0021176
0.0021120
0.0021054
0.0021003
0.0020956
0.0020913
0.0020866
0.0020812
0.0020754
0.0020710
0.0020658
0.0020623
0.0020601
0.0020568
0.0020537
0.0020506
0.0020483
0.0020482
0.0020488
0.0020486
0.0020473
0.0020447
0.0020417
0.0020379
0.0020348
0.0020308
0.0020294
0.0020297
0.0020305
0.0020297
0.0020287
0.0020256
0.0020233
0.0020216
0.0020199
0.0020206
0.0020203
0.0020203
0.0020203
0.0020204
0.0020195
0.0020195
0.0020192
0.0020164
0.0020142
0.0020142
0.0020144
0.0020149
0.0020149
0.0020142
0.0020136
0.0020137
0.0020138
0.0020119
0.0020099
0.0020085
0.0020084
0.0020080
0.0020071
0.0020062
0.0020050
0.0020038
0.0020031
0.0020026
0.0020026
0.0020027
0.0020030
0.0020043
0.0020045
0.0020060
0.0020072
0.0020095
0.0020136
0.0020179
0.0020210
0.0020241
0.0020260
0.0020293
0.0020333
0.0020356
0.0020371
0.0020384
0.0020388
0.0020402
0.0020399
0.0020387
0.0020351
0.0020316
0.0020292
0.0020277
0.0020269
0.0020260
0.0020258
0.0020248
0.0020242
0.0020221
0.0020197
0.0020177
0.0020165
0.0020169
0.0020164
0.0020168
0.0020183
0.0020193
0.0020209
0.0020210
0.0020201
0.0020186
0.0020171
0.0020155
0.0020143
0.0020126
0.0020101
0.0020065
0.0020042
0.0020018
0.0020005
0.0019985
0.0019979
0.0019979
0.0019982
0.0019980
0.0019984
0.0019990
0.0019999
0.0020014
0.0020029
0.0020037
0.0020063
0.0020081
0.0020088
0.0020086
0.0020073
0.0020054
0.0020057
0.0020059
0.0020055
0.0020037
0.0020006
0.0019973
0.0019948
0.0019929
0.0019912
0.0019892
0.0019875
0.0019852
0.0019817
0.0019778
0.0019743
0.0019712
0.0019681
0.0019658
0.0019640
0.0019621
0.0019598
0.0019580
0.0019570
0.0019561
0.0019559
0.0019566
0.0019567
0.0019580
0.0019585
0.0019596
0.0019610
0.0019613
0.0019622
0.0019603
0.0019596
0.0019579
0.0019574
0.0019554
0.0019538
0.0019523
0.0019509
0.0019483
0.0019447
0.0019422
0.0019405
0.0019398
0.0019407
0.0019418
0.0019425
0.0019421
0.0019410
0.0019391
0.0019372
0.0019333
0.0019296
0.0019264
0.0019252
0.0019242
0.0019235
0.0019221
0.0019199
0.0019190
0.0019184
0.0019186
0.0019181
0.0019157
0.0019137
0.0019112
0.0019099
0.0019088
0.0019091
0.0019090
0.0019080
0.0019061
0.0019050
0.0019030
0.0019010
0.0019007
0.0019019
0.0019021
0.0019046
0.0019064
0.0019097
0.0019132
0.0019155
0.0019168
0.0019171
0.0019164
0.0019149
0.0019125
0.0019120
0.0019097
0.0019064
0.0019021
0.0018992
0.0018973
0.0018960
0.0018951
0.0018942
0.0018940
0.0018925
0.0018901
0.0018874
0.0018847
0.0018813
0.0018769
0.0018734
0.0018696
0.0018654
0.0018614
0.0018585
0.0018558
0.0018532
0.0018511
0.0018476
0.0018446
0.0018417
0.0018378
0.0018339
0.0018295
0.0018258
0.0018211
0.0018165
0.0018121
0.0018074
0.0018042
0.0018012
0.0017991
0.0017980
0.0017964
0.0017968
0.0017967
0.0017967
0.0017979
0.0017992
0.0017991
0.0018007
0.0018023
0.0018036
0.0018047
0.0018059
0.0018063
0.0018064
0.0018058
0.0018055
0.0018045
0.0018033
0.0018016
0.0017994
0.0017963
0.0017929
0.0017889
0.0017850
0.0017818
0.0017799
0.0017781
0.0017768
0.0017752
0.0017740
0.0017729
0.0017726
0.0017739
0.0017735
0.0017732
0.0017736
0.0017741
0.0017756
0.0017775
0.0017780
0.0017788
0.0017796
0.0017817
0.0017844
0.0017871
0.0017885
0.0017893
0.0017894
0.0017889
0.0017896
0.0017890
0.0017875
0.0017868
0.0017866
0.0017875
0.0017900
0.0017925
0.0017941
0.0017949
0.0017959
0.0017976
0.0017993
0.0018021
0.0018023
0.0018011
0.0017995
0.0017983
0.0017957
0.0017941
0.0017938
0.0017937
0.0017941
0.0017944
0.0017945
0.0017953
0.0017957
0.0017952
0.0017958
0.0017985
0.0018013
0.0018036
0.0018077
0.0018107
0.0018141
0.0018183
0.0018235
0.0018289
0.0018341
0.0018407
0.0018472
0.0018540
0.0018599
0.0018648
0.0018700
0.0018744
0.0018778
0.0018809
0.0018844
0.0018900
0.0018954
0.0018999
0.0019043
0.0019081
0.0019134
0.0019183
0.0019217
0.0019249
0.0019295
0.0019328
0.0019350
0.0019362
0.0019363
0.0019357
0.0019345
0.0019337
0.0019337
0.0019338
0.0019343
0.0019368
0.0019386
0.0019408
0.0019415
0.0019420
0.0019435
0.0019455
0.0019484
0.0019500
0.0019523
0.0019546
0.0019578
0.0019609
0.0019635
0.0019667
0.0019684
0.0019704
0.0019728
0.0019748
0.0019777
0.0019812
0.0019854
0.0019903
0.0019953
0.0020007
0.0020062
0.0020125
0.0020200
0.0020270
0.0020332
0.0020402
0.0020466
0.0020519
0.0020553
0.0020582
0.0020610
0.0020640
0.0020693
0.0020735
0.0020766
0.0020791
0.0020816
0.0020837
0.0020859
0.0020881
0.0020907
0.0020927
0.0020944
0.0020961
0.0020977
0.0021002
0.0021035
0.0021062
0.0021091
0.0021118
0.0021130
0.0021152
0.0021157
0.0021177
0.0021191
0.0021201
0.0021214
0.0021221
0.0021216
0.0021208
0.0021177
0.0021161
0.0021139
0.0021127
0.0021117
0.0021104
0.0021104
0.0021106
0.0021104
0.0021122
0.0021144
0.0021162
0.0021181
0.0021201
0.0021208
0.0021208
0.0021218
0.0021229
0.0021239
0.0021241
0.0021253
0.0021254
0.0021271
0.0021284
0.0021299
0.0021309
0.0021323
0.0021342
0.0021352
0.0021360
0.0021366
0.0021353
0.0021347
0.0021339
0.0021312
0.0021295
0.0021282
0.0021245
0.0021209
0.0021186
0.0021165
0.0021146
0.0021140
0.0021131
0.0021123
0.0021112
0.0021107
0.0021105
0.0021102
0.0021089
0.0021087
0.0021087
0.0021087
0.0021082
0.0021075
0.0021059
0.0021046
0.0021019
0.0020993
0.0020978
0.0020960
0.0020943
0.0020934
0.0020922
0.0020922
0.0020935
0.0020955
0.0020990
0.0021027
0.0021054
0.0021084
0.0021118
0.0021141
0.0021165
0.0021199
0.0021214
0.0021242
0.0021267
0.0021283
0.0021288
0.0021289
0.0021276
0.0021265
0.0021251
0.0021234
0.0021227
0.0021206
0.0021188
0.0021189
0.0021199
0.0021225
0.0021247
0.0021270
0.0021297
0.0021321
0.0021331
0.0021339
0.0021335
0.0021333
0.0021329
0.0021341
0.0021364
0.0021394
0.0021448
0.0021492
0.0021521
0.0021552
0.0021578
0.0021605
0.0021640
0.0021661
0.0021669
0.0021687
0.0021703
0.0021709
0.0021705
0.0021700
0.0021698
0.0021697
0.0021697
0.0021691
0.0021678
0.0021669
0.0021672
0.0021676
0.0021687
0.0021697
0.0021704
0.0021706
0.0021722
0.0021729
0.0021731
0.0021734
0.0021756
0.0021802
0.0021852
0.0021899
0.0021944
0.0021985
0.0022017
0.0022059
0.0022102
0.0022146
0.0022189
0.0022212
0.0022219
0.0022234
0.0022249
0.0022256
0.0022265
0.0022276
0.0022267
0.0022255
0.0022263
0.0022260
0.0022249
0.0022251
0.0022266
0.0022287
0.0022303
0.0022320
0.0022344
0.0022389
0.0022444
0.0022500
0.0022546
0.0022576
0.0022621
0.0022663
0.0022717
0.0022775
0.0022834
0.0022896
0.0022951
0.0023004
0.0023050
0.0023106
0.0023170
0.0023231
0.0023284
0.0023333
0.0023371
0.0023409
0.0023462
0.0023515
0.0023553
0.0023588
0.0023623
0.0023661
0.0023683
0.0023701
0.0023713
0.0023715
0.0023725
0.0023736
0.0023742
0.0023756
0.0023774
0.0023794
0.0023842
0.0023905
0.0023958
0.0024010
0.0024069
0.0024145
0.0024223
0.0024290
0.0024355
0.0024416
0.0024483
0.0024535
0.0024568
0.0024621
0.0024676
0.0024743
0.0024810
0.0024878
0.0024948
0.0025014
0.0025090
0.0025153
0.0025222
0.0025283
0.0025347
0.0025394
0.0025436
0.0025455
0.0025490
0.0025527
0.0025571
0.0025626
0.0025672
0.0025722
0.0025764
0.0025820
0.0025875
0.0025921
0.0025962
0.0026016
0.0026061
0.0026088
0.0026116
0.0026134
0.0026158
0.0026179
0.0026197
0.0026216
0.0026224
0.0026220
0.0026217
0.0026215
0.0026202
0.0026202
0.0026204
0.0026200
0.0026198
0.0026197
0.0026204
0.0026219
0.0026218
0.0026204
0.0026206
0.0026223
0.0026262
0.0026304
0.0026334
0.0026357
0.0026377
0.0026405
0.0026439
0.0026476
0.0026529
0.0026597
0.0026656
0.0026714
0.0026758
0.0026811
0.0026858
0.0026893
0.0026929
0.0026956
0.0026982
0.0027008
0.0027030
0.0027048
0.0027064
0.0027075
0.0027074
0.0027070
0.0027080
0.0027079
0.0027072
0.0027063
0.0027047
0.0027025
0.0026994
0.0026958
0.0026912
0.0026876
0.0026850
0.0026818
0.0026780
0.0026769
0.0026759
0.0026762
0.0026762
0.0026749
0.0026723
0.0026697
0.0026679
0.0026687
0.0026699
0.0026715
0.0026734
0.0026761
0.0026793
0.0026827
0.0026855
0.0026888
0.0026913
0.0026917
0.0026921
0.0026919
0.0026926
0.0026937
0.0026951
0.0026963
0.0026960
0.0026970
0.0026991
0.0027018
0.0027047
0.0027101
0.0027147
0.0027202
0.0027274
0.0027345
0.0027401
0.0027466
0.0027526
0.0027583
0.0027630
0.0027668
0.0027710
0.0027762
0.0027813
0.0027861
0.0027900
0.0027946
0.0027984
0.0028018
0.0028046
0.0028070
0.0028092
0.0028105
0.0028121
0.0028134
0.0028156
0.0028182
0.0028202
0.0028224
0.0028247
0.0028256
0.0028255
0.0028243
0.0028249
0.0028245
0.0028235
0.0028237
0.0028245
0.0028262
0.0028272
0.0028278
0.0028264
0.0028230
0.0028206
0.0028178
0.0028173
0.0028171
0.0028170
0.0028163
0.0028157
0.0028158
0.0028154
0.0028137
0.0028129
0.0028113
0.0028087
0.0028064
0.0028040
0.0028027
0.0028004
0.0027967
0.0027930
0.0027902
0.0027877
0.0027863
0.0027867
0.0027899
0.0027927
0.0027958
0.0027977
0.0028005
0.0028039
0.0028080
0.0028091
0.0028094
0.0028119
0.0028131
0.0028163
0.0028198
0.0028227
0.0028226
0.0028219
0.0028210
0.0028194
0.0028187
0.0028174
0.0028160
0.0028143
0.0028132
0.0028128
0.0028123
0.0028107
0.0028100
0.0028086
0.0028062
0.0028038
0.0027997
0.0027961
0.0027927
0.0027882
0.0027824
0.0027750
0.0027681
0.0027622
0.0027561
0.0027508
0.0027452
0.0027406
0.0027360
0.0027318
0.0027275
0.0027247
0.0027210
0.0027178
0.0027152
0.0027131
0.0027115
0.0027097
0.0027092
0.0027095
0.0027103
0.0027102
0.0027095
0.0027086
0.0027072
0.0027068
0.0027071
0.0027085
0.0027083
0.0027075
0.0027065
0.0027050
0.0027034
0.0027023
0.0027027
0.0027013
0.0026990
0.0026971
0.0026946
0.0026914
0.0026878
0.0026850
0.0026814
0.0026775
0.0026725
0.0026684
0.0026643
0.0026602
0.0026578
0.0026558
0.0026551
0.0026536
0.0026530
0.0026534
0.0026537
0.0026528
0.0026512
0.0026509
0.0026494
0.0026467
0.0026448
0.0026433
0.0026412
0.0026397
0.0026375
0.0026349
0.0026323
0.0026284
0.0026246
0.0026210
0.0026169
0.0026146
0.0026126
0.0026090
0.0026072
0.0026041
0.0026010
0.0025988
0.0025978
0.0025966
0.0025954
0.0025937
0.0025921
0.0025915
0.0025920
0.0025930
0.0025937
0.0025937
0.0025917
0.0025891
0.0025860
0.0025818
0.0025788
0.0025760
0.0025727
0.0025691
0.0025663
0.0025632
0.0025604
0.0025582
0.0025566
0.0025547
0.0025532
0.0025493
0.0025447
0.0025397
0.0025364
0.0025341
0.0025312
0.0025278
0.0025248
0.0025219
0.0025196
0.0025165
0.0025144
0.0025125
0.0025109
0.0025073
0.0025058
0.0025049
0.0025030
0.0025002
0.0024980
0.0024957
0.0024946
0.0024949
0.0024951
0.0024958
0.0024964
0.0024955
0.0024963
0.0024963
0.0024962
0.0024962
0.0024960
0.0024959
0.0024948
0.0024929
0.0024913
0.0024893
0.0024876
0.0024874
0.0024861
0.0024846
0.0024840
0.0024831
0.0024813
0.0024799
0.0024776
0.0024753
0.0024746
0.0024735
0.0024745
0.0024753
0.0024765
0.0024779
0.0024796
0.0024812
0.0024827
0.0024836
0.0024852
0.0024868
0.0024877
0.0024891
0.0024906
0.0024925
0.0024939
0.0024967
0.0025006
0.0025040
0.0025059
0.0025059
0.0025073
0.0025082
0.0025089
0.0025078
0.0025071
0.0025058
0.0025040
0.0025025
0.0025012
0.0024999
0.0024996
0.0024993
0.0024985
0.0024984
0.0024998
0.0025009
0.0025009
0.0025008
0.0025015
0.0025036
0.0025052
0.0025064
0.0025083
0.0025082
0.0025077
0.0025074
0.0025065
0.0025051
0.0025036
0.0025019
0.0025003
0.0024986
0.0024973
0.0024965
0.0024962
0.0024955
0.0024955
0.0024945
0.0024926
0.0024908
0.0024892
0.0024873
0.0024852
0.0024833
0.0024810
0.0024784
0.0024763
0.0024758
0.0024744
0.0024734
0.0024727
0.0024722
0.0024708
0.0024710
0.0024713
0.0024711
0.0024715
0.0024718
0.0024735
0.0024758
0.0024769
0.0024790
0.0024809
0.0024812
0.0024821
0.0024824
0.0024822
0.0024812
0.0024808
0.0024801
0.0024801
0.0024792
0.0024774
0.0024765
0.0024775
0.0024792
0.0024807
0.0024834
0.0024869
0.0024909
0.0024933
0.0024949
0.0024971
0.0024993
0.0025017
0.0025039
0.0025049
0.0025061
0.0025089
0.0025117
0.0025156
0.0025184
0.0025202
0.0025217
0.0025223
0.0025223
0.0025224
0.0025219
0.0025214
0.0025184
0.0025155
0.0025141
0.0025115
0.0025096
0.0025080
0.0025048
0.0024993
0.0024942
0.0024905
0.0024880
0.0024848
0.0024817
0.0024777
0.0024738
0.0024700
0.0024665
0.0024613
0.0024561
0.0024510
0.0024458
0.0024401
0.0024347
0.0024314
0.0024287
0.0024260
0.0024218
0.0024199
0.0024184
0.0024191
0.0024208
0.0024220
0.0024231
0.0024247
0.0024274
0.0024293
0.0024295
0.0024296
0.0024293
0.0024284
0.0024289
0.0024294
0.0024295
0.0024299
0.0024303
0.0024305
0.0024319
0.0024349
0.0024375
0.0024412
0.0024452
0.0024499
0.0024553
0.0024601
0.0024645
0.0024702
0.0024741
0.0024789
0.0024823
0.0024843
0.0024876
0.0024913
0.0024953
0.0024994
0.0025026
0.0025067
0.0025118
0.0025160
0.0025211
0.0025272
0.0025355
0.0025408
0.0025457
0.0025493
0.0025528
0.0025560
0.0025602
0.0025637
0.0025669
0.0025708
0.0025741
0.0025794
0.0025846
0.0025892
0.0025932
0.0025976
0.0026016
0.0026040
0.0026074
0.0026068
0.0026047
0.0026023
0.0025998
0.0025978
0.0025953
0.0025939
0.0025934
0.0025933
0.0025942
0.0025951
0.0025977
0.0025998
0.0026020
0.0026044
0.0026056
0.0026062
0.0026060
0.0026034
0.0026022
0.0026013
0.0026024
0.0026023
0.0026024
0.0026027
0.0026040
0.0026052
0.0026060
0.0026073
0.0026087
0.0026108
0.0026134
0.0026163
0.0026196
0.0026247
0.0026295
0.0026320
0.0026358
0.0026404
0.0026443
0.0026489
0.0026531
0.0026582
0.0026639
0.0026700
0.0026738
0.0026769
0.0026785
0.0026791
0.0026803
0.0026823
0.0026833
0.0026843
0.0026864
0.0026891
0.0026915
0.0026938
0.0026955
0.0026981
0.0027002
0.0027043
0.0027093
0.0027140
0.0027194
0.0027242
0.0027296
0.0027360
0.0027433
0.0027475
0.0027534
0.0027583
0.0027626
0.0027672
0.0027721
0.0027778
0.0027843
0.0027898
0.0027935
0.0027952
0.0027968
0.0028001
0.0028020
0.0028035
0.0028047
0.0028063
0.0028073
0.0028087
0.0028101
0.0028116
0.0028125
0.0028144
0.0028164
0.0028174
0.0028188
0.0028191
0.0028173
0.0028149
0.0028114
0.0028092
0.0028084
0.0028080
0.0028067
0.0028053
0.0028051
0.0028052
0.0028056
0.0028076
0.0028106
0.0028138
0.0028164
0.0028174
0.0028187
0.0028209
0.0028226
0.0028241
0.0028269
0.0028288
0.0028314
0.0028328
0.0028358
0.0028359
0.0028369
0.0028383
0.0028402
0.0028412
0.0028426
0.0028436
0.0028455
0.0028482
0.0028525
0.0028573
0.0028613
0.0028639
0.0028657
0.0028681
0.0028705
0.0028725
0.0028758
0.0028793
0.0028830
0.0028850
0.0028869
0.0028894
0.0028930
0.0028960
0.0028994
0.0029029
0.0029062
0.0029089
0.0029113
0.0029136
0.0029148
0.0029148
0.0029144
0.0029145
0.0029143
0.0029135
0.0029137
0.0029145
0.0029164
0.0029180
0.0029217
0.0029255
0.0029278
0.0029310
0.0029345
0.0029383
0.0029417
0.0029460
0.0029505
0.0029549
0.0029598
0.0029636
0.0029678
0.0029727
0.0029781
0.0029849
0.0029897
0.0029942
0.0029993
0.0030052
0.0030112
0.0030173
0.0030236
0.0030285
0.0030316
0.0030349
0.0030387
0.0030433
0.0030487
0.0030527
0.0030568
0.0030603
0.0030642
0.0030676
0.0030700
0.0030698
0.0030697
0.0030692
0.0030694
0.0030697
0.0030709
0.0030720
0.0030739
0.0030765
0.0030783
0.0030803
0.0030823
0.0030821
0.0030824
0.0030833
0.0030840
0.0030857
0.0030878
0.0030897
0.0030929
0.0030946
0.0030966
0.0030960
0.0030937
0.0030919
0.0030911
0.0030891
0.0030866
0.0030835
0.0030818
0.0030798
0.0030777
0.0030760
0.0030740
0.0030721
0.0030700
0.0030667
0.0030663
0.0030661
0.0030649
0.0030631
0.0030617
0.0030603
0.0030588
0.0030583
0.0030583
0.0030576
0.0030594
0.0030593
0.0030595
0.0030574
0.0030553
0.0030522
0.0030496
0.0030484
0.0030479
0.0030451
0.0030421
0.0030380
0.0030344
0.0030317
0.0030297
0.0030281
0.0030263
0.0030220
0.0030186
0.0030153
0.0030116
0.0030088
0.0030054
0.0030012
0.0029957
0.0029896
0.0029843
0.0029814
0.0029803
0.0029789
0.0029782
0.0029764
0.0029749
0.0029733
0.0029710
0.0029691
0.0029678
0.0029662
0.0029647
0.0029628
0.0029619
0.0029620
0.0029642
0.0029665
0.0029690
0.0029703
0.0029691
0.0029683
0.0029671
0.0029650
0.0029632
0.0029625
0.0029621
0.0029626
0.0029622
0.0029616
0.0029615
0.0029623
0.0029633
0.0029650
0.0029681
0.0029725
0.0029762
0.0029796
0.0029823
0.0029848
0.0029859
0.0029871
0.0029891
0.0029925
0.0029941
0.0029956
0.0029961
0.0029984
0.0030012
0.0030045
0.0030084
0.0030109
0.0030136
0.0030177
0.0030217
0.0030256
0.0030309
0.0030347
0.0030372
0.0030392
0.0030414
0.0030448
0.0030480
0.0030502
0.0030526
0.0030571
0.0030615
0.0030654
0.0030679
