0.0239158
0.0229292
0.0220341
0.0212251
0.0204931
0.0198240
0.0192013
0.0186248
0.0180950
0.0175964
0.0171338
0.0167143
0.0163202
0.0159475
0.0155988
0.0152631
0.0149427
0.0146356
0.0143433
0.0140685
0.0138100
0.0135600
0.0133173
0.0130825
0.0128608
0.0126540
0.0124518
0.0122606
0.0120769
0.0118958
0.0117185
0.0115533
0.0113860
0.0112253
0.0110701
0.0109225
0.0107807
0.0106418
0.0105036
0.0103659
0.0102316
0.0100986
0.0099697
0.0098429
0.0097263
0.0096140
0.0095032
0.0093994
0.0093013
0.0092059
0.0091078
0.0090147
0.0089186
0.0088187
0.0087236
0.0086339
0.0085466
0.0084613
0.0083714
0.0082922
0.0082085
0.0081268
0.0080433
0.0079665
0.0078853
0.0078058
0.0077248
0.0076503
0.0075753
0.0075012
0.0074281
0.0073591
0.0072960
0.0072301
0.0071666
0.0071051
0.0070456
0.0069913
0.0069376
0.0068868
0.0068337
0.0067797
0.0067178
0.0066588
0.0066023
0.0065491
0.0064984
0.0064421
0.0063842
0.0063263
0.0062710
0.0062142
0.0061625
0.0061152
0.0060679
0.0060226
0.0059787
0.0059406
0.0059034
0.0058596
0.0058205
0.0057839
0.0057489
0.0057177
0.0056902
0.0056679
0.0056479
0.0056293
0.0056064
0.0055816
0.0055570
0.0055294
0.0055004
0.0054745
0.0054447
0.0054150
0.0053855
0.0053545
0.0053224
0.0052917
0.0052654
0.0052352
0.0052054
0.0051775
0.0051544
0.0051279
0.0051015
0.0050751
0.0050458
0.0050137
0.0049801
0.0049501
0.0049165
0.0048842
0.0048549
0.0048279
0.0048004
0.0047742
0.0047490
0.0047217
0.0046955
0.0046699
0.0046487
0.0046271
0.0046038
0.0045777
0.0045514
0.0045251
0.0044969
0.0044684
0.0044382
0.0044089
0.0043816
0.0043536
0.0043270
0.0043053
0.0042866
0.0042696
0.0042516
0.0042372
0.0042203
0.0042043
0.0041868
0.0041665
0.0041526
0.0041397
0.0041276
0.0041130
0.0041001
0.0040812
0.0040594
0.0040342
0.0040068
0.0039840
0.0039577
0.0039348
0.0039137
0.0038917
0.0038744
0.0038544
0.0038397
0.0038248
0.0038011
0.0037770
0.0037599
0.0037435
0.0037256
0.0037118
0.0036939
0.0036797
0.0036632
0.0036469
0.0036340
0.0036203
0.0036077
0.0035966
0.0035883
0.0035792
0.0035672
0.0035582
0.0035517
0.0035459
0.0035382
0.0035299
0.0035239
0.0035224
0.0035145
0.0035046
0.0034925
0.0034815
0.0034710
0.0034612
0.0034495
0.0034377
0.0034218
0.0034051
0.0033897
0.0033762
0.0033645
0.0033517
0.0033366
0.0033215
0.0033033
0.0032870
0.0032759
0.0032627
0.0032516
0.0032400
0.0032266
0.0032117
0.0031975
0.0031840
0.0031749
0.0031710
0.0031653
0.0031611
0.0031567
0.0031572
0.0031550
0.0031528
0.0031469
0.0031411
0.0031363
0.0031277
0.0031163
0.0031079
0.0030978
0.0030893
0.0030835
0.0030757
0.0030649
0.0030562
0.0030430
0.0030285
0.0030126
0.0029994
0.0029827
0.0029671
0.0029561
0.0029445
0.0029345
0.0029254
0.0029193
0.0029139
0.0029089
0.0029024
0.0028957
0.0028851
0.0028743
0.0028656
0.0028539
0.0028441
0.0028363
0.0028305
0.0028256
0.0028217
0.0028171
0.0028135
0.0028044
0.0027966
0.0027931
0.0027841
0.0027757
0.0027656
0.0027548
0.0027431
0.0027348
0.0027268
0.0027196
0.0027081
0.0026957
0.0026867
0.0026827
0.0026733
0.0026660
0.0026591
0.0026522
0.0026448
0.0026352
0.0026210
0.0026087
0.0025987
0.0025902
0.0025781
0.0025742
0.0025672
0.0025676
0.0025673
0.0025680
0.0025682
0.0025715
0.0025778
0.0025824
0.0025834
0.0025808
0.0025741
0.0025663
0.0025550
0.0025448
0.0025331
0.0025184
0.0025007
0.0024809
0.0024640
0.0024483
0.0024331
0.0024230
0.0024138
0.0024015
0.0023918
0.0023809
0.0023748
0.0023671
0.0023516
0.0023396
0.0023243
0.0023137
0.0023036
0.0022921
0.0022824
0.0022733
0.0022615
0.0022528
0.0022480
0.0022416
0.0022347
0.0022273
0.0022208
0.0022108
0.0022031
0.0021945
0.0021876
0.0021776
0.0021669
0.0021546
0.0021392
0.0021232
0.0021123
0.0020959
0.0020844
0.0020793
0.0020754
0.0020740
0.0020715
0.0020667
0.0020610
0.0020600
0.0020579
0.0020545
0.0020504
0.0020482
0.0020456
0.0020445
0.0020436
0.0020374
0.0020290
0.0020285
0.0020266
0.0020258
0.0020282
0.0020255
0.0020241
0.0020225
0.0020230
0.0020270
0.0020343
0.0020466
0.0020566
0.0020639
0.0020704
0.0020834
0.0021013
0.0021197
0.0021356
0.0021504
0.0021640
0.0021747
0.0021847
0.0021951
0.0022014
0.0021976
0.0021973
0.0021996
0.0022001
0.0022011
0.0021974
0.0021954
0.0021877
0.0021838
0.0021846
0.0021817
0.0021819
0.0021772
0.0021762
0.0021741
0.0021724
0.0021694
0.0021646
0.0021593
0.0021564
0.0021506
0.0021426
0.0021323
0.0021223
0.0021156
0.0021038
0.0020919
0.0020799
0.0020672
0.0020575
0.0020463
0.0020299
0.0020140
0.0020041
0.0019923
0.0019822
0.0019765
0.0019722
0.0019688
0.0019675
0.0019644
0.0019613
0.0019563
0.0019503
0.0019484
0.0019467
0.0019431
0.0019402
0.0019400
0.0019412
0.0019393
0.0019341
0.0019288
0.0019267
0.0019207
0.0019133
0.0019092
0.0019065
0.0019050
0.0019034
0.0018992
0.0018927
0.0018905
0.0018863
0.0018876
0.0018871
0.0018861
0.0018847
0.0018821
0.0018792
0.0018752
0.0018740
0.0018740
0.0018703
0.0018693
0.0018663
0.0018691
0.0018754
0.0018772
0.0018776
0.0018799
0.0018795
0.0018796
0.0018755
0.0018716
0.0018724
0.0018719
0.0018715
0.0018722
0.0018742
0.0018729
0.0018720
0.0018691
0.0018622
0.0018594
0.0018553
0.0018495
0.0018415
0.0018335
0.0018255
0.0018196
0.0018152
0.0018063
0.0017977
0.0017915
0.0017850
0.0017837
0.0017824
0.0017910
0.0017987
0.0018083
0.0018171
0.0018299
0.0018417
0.0018551
0.0018662
0.0018770
0.0018868
0.0018961
0.0019016
0.0019063
0.0019105
0.0019125
0.0019164
0.0019152
0.0019158
0.0019146
0.0019155
0.0019155
0.0019164
0.0019179
0.0019176
0.0019129
0.0019089
0.0019024
0.0018942
0.0018886
0.0018885
0.0018893
0.0018843
0.0018801
0.0018764
0.0018715
0.0018655
0.0018577
0.0018544
0.0018538
0.0018540
0.0018566
0.0018582
0.0018588
0.0018565
0.0018516
0.0018459
0.0018424
0.0018422
0.0018392
0.0018371
0.0018312
0.0018233
0.0018144
0.0018085
0.0018020
0.0017968
0.0017882
0.0017835
0.0017783
0.0017760
0.0017748
0.0017759
0.0017750
0.0017751
0.0017762
0.0017777
0.0017786
0.0017766
0.0017773
0.0017798
0.0017787
0.0017702
0.0017613
0.0017583
0.0017515
0.0017421
0.0017341
0.0017245
0.0017157
0.0017099
0.0017041
0.0017031
0.0017024
0.0016988
0.0016973
0.0016938
0.0016905
0.0016854
0.0016849
0.0016846
0.0016815
0.0016768
0.0016747
0.0016715
0.0016656
0.0016569
0.0016495
0.0016427
0.0016417
0.0016399
0.0016348
0.0016257
0.0016201
0.0016093
0.0015998
0.0015937
0.0015898
0.0015844
0.0015843
0.0015781
0.0015713
0.0015713
0.0015688
0.0015712
0.0015712
0.0015730
0.0015769
0.0015796
0.0015837
0.0015896
0.0015935
0.0016001
0.0016059
0.0016099
0.0016087
0.0016030
0.0016000
0.0015976
0.0015949
0.0015959
0.0015948
0.0015912
0.0015901
0.0015867
0.0015844
0.0015797
0.0015799
0.0015823
0.0015853
0.0015869
0.0015841
0.0015847
0.0015802
0.0015782
0.0015713
0.0015643
0.0015538
0.0015409
0.0015336
0.0015295
0.0015279
0.0015250
0.0015221
0.0015208
0.0015158
0.0015108
0.0015060
0.0015022
0.0014984
0.0014966
0.0014943
0.0014931
0.0014894
0.0014890
0.0014974
0.0014966
0.0014977
0.0014999
0.0015019
0.0015016
0.0015020
0.0015050
0.0015019
0.0015000
0.0014946
0.0014888
0.0014829
0.0014758
0.0014716
0.0014690
0.0014672
0.0014668
0.0014627
0.0014582
0.0014501
0.0014466
0.0014441
0.0014429
0.0014451
0.0014446
0.0014456
0.0014482
0.0014448
0.0014468
0.0014472
0.0014494
0.0014531
0.0014580
0.0014634
0.0014670
0.0014674
0.0014687
0.0014718
0.0014748
0.0014759
0.0014731
0.0014678
0.0014619
0.0014558
0.0014547
0.0014483
0.0014384
0.0014247
0.0014139
0.0014002
0.0013918
0.0013833
0.0013792
0.0013690
0.0013567
0.0013463
0.0013343
0.0013212
0.0013106
0.0013062
0.0013060
0.0013067
0.0013089
0.0013150
0.0013141
0.0013104
0.0013052
0.0013084
0.0013048
0.0013025
0.0013060
0.0013089
0.0013093
0.0013110
0.0013136
0.0013180
0.0013178
0.0013120
0.0013074
0.0013031
0.0012955
0.0012896
0.0012827
0.0012759
0.0012735
0.0012730
0.0012679
0.0012581
0.0012529
0.0012471
0.0012428
0.0012384
0.0012387
0.0012394
0.0012393
0.0012384
0.0012379
0.0012339
0.0012238
0.0012202
0.0012210
0.0012209
0.0012175
0.0012135
0.0012133
0.0012090
0.0012011
0.0011961
0.0011944
0.0011945
0.0011943
0.0011985
0.0012004
0.0011978
0.0011975
0.0011916
0.0011879
0.0011814
0.0011752
0.0011707
0.0011643
0.0011562
0.0011475
0.0011409
0.0011352
0.0011263
0.0011140
0.0011059
0.0011000
0.0010911
0.0010877
0.0010847
0.0010872
0.0010938
0.0011000
0.0011015
0.0010972
0.0010941
0.0010916
0.0010873
0.0010815
0.0010776
0.0010741
0.0010712
0.0010677
0.0010658
0.0010636
0.0010638
0.0010615
0.0010558
0.0010494
0.0010433
0.0010400
0.0010367
0.0010380
0.0010411
0.0010453
0.0010465
0.0010488
0.0010533
0.0010541
0.0010582
0.0010576
0.0010571
0.0010532
0.0010517
0.0010500
0.0010481
0.0010480
0.0010413
0.0010299
0.0010197
0.0010135
0.0010047
0.0009978
0.0009918
0.0009869
0.0009805
0.0009751
0.0009696
0.0009686
0.0009644
0.0009568
0.0009520
0.0009465
0.0009436
0.0009423
0.0009415
0.0009382
0.0009353
0.0009285
0.0009246
0.0009217
0.0009184
0.0009146
0.0009098
0.0009064
0.0009069
0.0009051
0.0009017
0.0008993
0.0008973
0.0008985
0.0008995
0.0009013
0.0009006
0.0009001
0.0008967
0.0008896
0.0008817
0.0008737
0.0008643
0.0008586
0.0008597
0.0008613
0.0008648
0.0008725
0.0008807
0.0008888
0.0008956
0.0009033
0.0009157
0.0009243
0.0009326
0.0009384
0.0009420
0.0009452
0.0009473
0.0009503
0.0009516
0.0009534
0.0009569
0.0009637
0.0009701
0.0009817
0.0009898
0.0010055
0.0010215
0.0010346
0.0010482
0.0010546
0.0010569
0.0010570
0.0010518
0.0010527
0.0010549
0.0010546
0.0010517
0.0010529
0.0010563
0.0010610
0.0010674
0.0010752
0.0010860
0.0010963
0.0011051
0.0011132
0.0011215
0.0011279
0.0011321
0.0011407
0.0011472
0.0011510
0.0011542
0.0011534
0.0011537
0.0011556
0.0011634
0.0011713
0.0011808
0.0011811
0.0011810
0.0011800
0.0011771
0.0011777
0.0011767
0.0011722
0.0011679
0.0011621
0.0011563
0.0011536
0.0011526
0.0011515
0.0011470
0.0011375
0.0011350
0.0011309
0.0011305
0.0011298
0.0011266
0.0011242
0.0011217
0.0011129
0.0011094
0.0011063
0.0011030
0.0010949
0.0010845
0.0010726
0.0010656
0.0010624
0.0010611
0.0010589
0.0010586
0.0010608
0.0010689
0.0010750
0.0010768
0.0010765
0.0010752
0.0010715
0.0010665
0.0010637
0.0010631
0.0010606
0.0010545
0.0010517
0.0010493
0.0010492
0.0010520
0.0010526
0.0010499
0.0010438
0.0010381
0.0010332
0.0010284
0.0010205
0.0010147
0.0010103
0.0010004
0.0009865
0.0009774
0.0009667
0.0009546
0.0009487
0.0009445
0.0009424
0.0009422
0.0009449
0.0009490
0.0009544
0.0009584
0.0009634
0.0009651
0.0009671
0.0009726
0.0009756
0.0009781
0.0009798
0.0009850
0.0009877
0.0009924
0.0010001
0.0010086
0.0010152
0.0010259
0.0010346
0.0010431
0.0010478
0.0010526
0.0010542
0.0010566
0.0010619
0.0010674
0.0010721
0.0010738
0.0010768
0.0010841
0.0010839
0.0010904
0.0010976
0.0011027
0.0011022
0.0011068
0.0011102
0.0011179
0.0011276
0.0011321
0.0011314
0.0011282
0.0011269
0.0011282
0.0011289
0.0011271
0.0011213
0.0011158
0.0011126
0.0011100
0.0011087
0.0011108
0.0011142
0.0011202
0.0011253
0.0011286
0.0011375
0.0011461
0.0011517
0.0011556
0.0011572
0.0011609
0.0011620
0.0011592
0.0011541
0.0011517
0.0011499
0.0011459
0.0011427
0.0011420
0.0011427
0.0011455
0.0011468
0.0011570
0.0011654
0.0011720
0.0011830
0.0011928
0.0011994
0.0012011
0.0012015
0.0012025
0.0012043
0.0012042
0.0012050
0.0011979
0.0011960
0.0011931
0.0011905
0.0011942
0.0012033
0.0012117
0.0012212
0.0012312
0.0012397
0.0012444
0.0012484
0.0012524
0.0012553
0.0012554
0.0012563
0.0012586
0.0012592
0.0012618
0.0012618
0.0012652
0.0012602
0.0012565
0.0012569
0.0012558
0.0012541
0.0012527
0.0012513
0.0012524
0.0012508
0.0012536
0.0012565
0.0012584
0.0012638
0.0012679
0.0012708
0.0012746
0.0012765
0.0012743
0.0012708
0.0012702
0.0012700
0.0012645
0.0012604
0.0012553
0.0012522
0.0012473
0.0012385
0.0012319
0.0012280
0.0012270
0.0012251
0.0012283
0.0012324
0.0012409
0.0012459
0.0012537
0.0012614
0.0012657
0.0012698
0.0012711
0.0012736
0.0012744
0.0012762
0.0012744
0.0012704
0.0012676
0.0012691
0.0012688
0.0012708
0.0012734
0.0012758
0.0012746
0.0012688
0.0012656
0.0012605
0.0012598
0.0012577
0.0012546
0.0012516
0.0012507
0.0012473
0.0012422
0.0012369
0.0012341
0.0012363
0.0012386
0.0012453
0.0012481
0.0012497
0.0012529
0.0012551
0.0012586
0.0012603
0.0012594
0.0012545
0.0012545
0.0012580
0.0012614
0.0012610
0.0012626
0.0012656
0.0012696
0.0012706
0.0012729
0.0012770
0.0012816
0.0012813
0.0012758
0.0012732
0.0012696
0.0012657
0.0012638
0.0012688
0.0012714
0.0012695
0.0012671
0.0012634
0.0012589
0.0012525
0.0012480
0.0012456
0.0012458
0.0012464
0.0012457
0.0012460
0.0012426
0.0012388
0.0012403
0.0012468
0.0012563
0.0012605
0.0012649
0.0012663
0.0012635
0.0012618
0.0012579
0.0012574
0.0012559
0.0012568
0.0012593
0.0012605
0.0012600
0.0012650
0.0012676
0.0012670
0.0012643
0.0012607
0.0012588
0.0012544
0.0012476
0.0012391
0.0012313
0.0012228
0.0012156
0.0012095
0.0012052
0.0012025
0.0011994
0.0012010
0.0012009
0.0012016
0.0012092
0.0012193
0.0012325
0.0012440
0.0012531
0.0012603
0.0012648
0.0012710
0.0012752
0.0012767
0.0012771
0.0012827
0.0012878
0.0012887
0.0012879
0.0012872
0.0012860
0.0012848
0.0012857
0.0012872
0.0012856
0.0012837
0.0012849
0.0012838
0.0012873
0.0012910
0.0012963
0.0013053
0.0013143
0.0013208
0.0013306
0.0013355
0.0013414
0.0013448
0.0013447
0.0013413
0.0013381
0.0013355
0.0013289
0.0013195
0.0013095
0.0012989
0.0012885
0.0012768
0.0012605
0.0012440
0.0012309
0.0012226
0.0012160
0.0012154
0.0012152
0.0012149
0.0012110
0.0012078
0.0012039
0.0012016
0.0011974
0.0011908
0.0011818
0.0011696
0.0011541
0.0011441
0.0011353
0.0011323
0.0011269
0.0011244
0.0011210
0.0011186
0.0011155
0.0011110
0.0011110
0.0011139
0.0011146
0.0011138
0.0011158
0.0011217
0.0011217
0.0011197
0.0011179
0.0011148
0.0011138
0.0011124
0.0011130
0.0011168
0.0011220
0.0011294
0.0011336
0.0011378
0.0011389
0.0011396
0.0011381
0.0011382
0.0011467
0.0011541
0.0011600
0.0011643
0.0011618
0.0011589
0.0011548
0.0011515
0.0011448
0.0011362
0.0011288
0.0011226
0.0011150
0.0011042
0.0010919
0.0010857
0.0010812
0.0010765
0.0010664
0.0010526
0.0010381
0.0010246
0.0010085
0.0009925
0.0009792
0.0009634
0.0009477
0.0009342
0.0009226
0.0009057
0.0009000
0.0008930
0.0008878
0.0008877
0.0008843
0.0008870
0.0008906
0.0008924
0.0008964
0.0009014
0.0009057
0.0009034
0.0009024
0.0009014
0.0009041
0.0009033
0.0008982
0.0008921
0.0008859
0.0008807
0.0008771
0.0008766
0.0008752
0.0008770
0.0008748
0.0008723
0.0008689
0.0008637
0.0008618
0.0008600
0.0008591
0.0008546
0.0008510
0.0008490
0.0008463
0.0008441
0.0008398
0.0008368
0.0008371
0.0008335
0.0008325
0.0008238
0.0008170
0.0008151
0.0008184
0.0008165
0.0008161
0.0008093
0.0008042
0.0008025
0.0007968
0.0007922
0.0007810
0.0007747
0.0007715
0.0007658
0.0007610
0.0007540
0.0007486
0.0007449
0.0007365
0.0007320
0.0007231
0.0007131
0.0007072
0.0007057
0.0007024
0.0006979
0.0006945
0.0006939
0.0006981
0.0007052
0.0007099
0.0007092
0.0007100
0.0007073
0.0006997
0.0006927
0.0006867
0.0006810
0.0006736
0.0006711
0.0006715
0.0006726
0.0006730
0.0006727
0.0006720
0.0006717
0.0006672
0.0006611
0.0006515
0.0006461
0.0006420
0.0006408
0.0006416
0.0006391
0.0006370
0.0006377
0.0006395
0.0006425
0.0006429
0.0006485
0.0006553
0.0006595
0.0006620
0.0006652
0.0006666
0.0006723
0.0006773
0.0006885
0.0006981
0.0007083
0.0007192
0.0007317
0.0007407
0.0007483
0.0007557
0.0007610
0.0007570
0.0007585
0.0007622
0.0007667
0.0007709
0.0007705
0.0007695
0.0007681
0.0007683
0.0007728
0.0007766
0.0007784
0.0007822
0.0007843
0.0007887
0.0007941
0.0007952
0.0007923
0.0007869
0.0007882
0.0007874
0.0007850
0.0007865
0.0007840
0.0007883
0.0007951
0.0008001
0.0008055
0.0008081
0.0008102
0.0008186
0.0008244
0.0008277
0.0008271
0.0008233
0.0008179
0.0008121
0.0008051
0.0007962
0.0007922
0.0007894
0.0007847
0.0007806
0.0007817
0.0007782
0.0007767
0.0007737
0.0007758
0.0007805
0.0007803
0.0007791
0.0007830
0.0007884
0.0007960
0.0008003
0.0008001
0.0008050
0.0008080
0.0008121
0.0008158
0.0008193
0.0008209
0.0008218
0.0008215
0.0008219
0.0008245
0.0008276
0.0008309
0.0008295
0.0008300
0.0008345
0.0008433
0.0008498
0.0008526
0.0008544
0.0008545
0.0008553
0.0008532
0.0008511
0.0008486
0.0008436
0.0008338
0.0008228
0.0008113
0.0007990
0.0007923
0.0007902
0.0007878
0.0007834
0.0007754
0.0007676
0.0007621
0.0007531
0.0007487
0.0007485
0.0007493
0.0007513
0.0007522
0.0007533
0.0007506
0.0007538
0.0007589
0.0007611
0.0007572
0.0007527
0.0007469
0.0007356
0.0007289
0.0007207
0.0007147
0.0007130
0.0007091
0.0007063
0.0007025
0.0006970
0.0006941
0.0006916
0.0006932
0.0006946
0.0006983
0.0006976
0.0006983
0.0006985
0.0007033
0.0007003
0.0006980
0.0006910
0.0006877
0.0006829
0.0006775
0.0006738
0.0006705
0.0006695
0.0006679
0.0006681
0.0006666
0.0006649
0.0006708
0.0006779
0.0006856
0.0006986
0.0007119
0.0007246
0.0007365
0.0007446
0.0007534
0.0007607
0.0007695
0.0007749
0.0007807
0.0007825
0.0007842
0.0007868
0.0007928
0.0007957
0.0007981
0.0008024
0.0008047
0.0008071
0.0008060
0.0008031
0.0008025
0.0007992
0.0007975
0.0007934
0.0007875
0.0007873
0.0007845
0.0007802
0.0007765
0.0007736
0.0007704
0.0007693
0.0007699
0.0007727
0.0007796
0.0007849
0.0007873
0.0007853
0.0007840
0.0007766
0.0007753
0.0007697
0.0007686
0.0007668
0.0007695
0.0007722
0.0007738
0.0007741
0.0007771
0.0007830
0.0007891
0.0007912
0.0007936
0.0007944
0.0007929
0.0007954
0.0007934
0.0007906
0.0007891
0.0007881
0.0007872
0.0007885
0.0007928
0.0007953
0.0008020
0.0008058
0.0008085
0.0008141
0.0008198
0.0008258
0.0008290
0.0008321
0.0008336
0.0008368
0.0008452
0.0008520
0.0008622
0.0008697
0.0008725
0.0008741
0.0008739
0.0008783
0.0008759
0.0008721
0.0008737
0.0008731
0.0008746
0.0008753
0.0008761
0.0008785
0.0008794
0.0008811
0.0008812
0.0008793
0.0008791
0.0008781
0.0008767
0.0008739
0.0008768
0.0008827
0.0008909
0.0008992
0.0009015
0.0009056
0.0009082
0.0009048
0.0008982
0.0008874
0.0008717
0.0008606
0.0008500
0.0008376
0.0008280
0.0008206
0.0008168
0.0008150
0.0008077
0.0008039
0.0008014
0.0008003
0.0008053
0.0008113
0.0008074
0.0008076
0.0008051
0.0008043
0.0008048
0.0008090
0.0008096
0.0008128
0.0008163
0.0008198
0.0008184
0.0008213
0.0008251
0.0008285
0.0008329
0.0008354
0.0008388
0.0008415
0.0008491
0.0008602
0.0008695
0.0008795
0.0008916
0.0009019
0.0009104
0.0009166
0.0009223
0.0009304
0.0009326
0.0009320
0.0009299
0.0009232
0.0009186
0.0009154
0.0009100
0.0009086
0.0009058
0.0009056
0.0009053
0.0009056
0.0009031
0.0009005
0.0009035
0.0009033
0.0009025
0.0009029
0.0009037
0.0009053
0.0009079
0.0009099
0.0009125
0.0009177
0.0009214
0.0009230
0.0009214
0.0009162
0.0009130
0.0009087
0.0009036
0.0009009
0.0009025
0.0009033
0.0008995
0.0008952
0.0008984
0.0008974
0.0008991
0.0008986
0.0009011
0.0009046
0.0009048
0.0009070
0.0009092
0.0009133
0.0009199
0.0009261
0.0009335
0.0009374
0.0009332
0.0009327
0.0009333
0.0009325
0.0009347
0.0009306
0.0009274
0.0009267
0.0009255
0.0009260
0.0009276
0.0009314
0.0009320
0.0009301
0.0009294
0.0009273
0.0009211
0.0009150
0.0009083
0.0009044
0.0008979
0.0008884
0.0008807
0.0008751
0.0008721
0.0008675
0.0008613
0.0008544
0.0008541
0.0008518
0.0008493
0.0008487
0.0008523
0.0008590
0.0008659
0.0008725
0.0008762
0.0008837
0.0008898
0.0008945
0.0008996
0.0009007
0.0008984
0.0008960
0.0008966
0.0009010
0.0009033
0.0009040
0.0009023
0.0008974
0.0008936
0.0008885
0.0008860
0.0008813
0.0008756
0.0008726
0.0008670
0.0008617
0.0008572
0.0008540
0.0008518
0.0008548
0.0008565
0.0008552
0.0008564
0.0008584
0.0008599
0.0008605
0.0008565
0.0008517
0.0008504
0.0008506
0.0008506
0.0008542
0.0008565
0.0008587
0.0008557
0.0008546
0.0008529
0.0008568
0.0008642
0.0008644
0.0008687
0.0008768
0.0008846
0.0008936
0.0008998
0.0009018
0.0008985
0.0008972
0.0008912
0.0008854
0.0008792
0.0008744
0.0008698
0.0008662
0.0008616
0.0008588
0.0008550
0.0008513
0.0008519
0.0008513
0.0008512
0.0008514
0.0008527
0.0008556
0.0008604
0.0008649
0.0008709
0.0008779
0.0008874
0.0008976
0.0009052
0.0009076
0.0009055
0.0009040
0.0009055
0.0009075
0.0009041
0.0008983
0.0008936
0.0008926
0.0008893
0.0008890
0.0008902
0.0008946
0.0009036
0.0009138
0.0009250
0.0009344
0.0009386
0.0009417
0.0009431
0.0009441
0.0009449
0.0009370
0.0009277
0.0009188
0.0009112
0.0009033
0.0008934
0.0008830
0.0008775
0.0008764
0.0008770
0.0008797
0.0008817
0.0008855
0.0008899
0.0008925
0.0008953
0.0008947
0.0008953
0.0008944
0.0008948
0.0008939
0.0008899
0.0008859
0.0008826
0.0008837
0.0008849
0.0008810
0.0008784
0.0008801
0.0008782
0.0008820
0.0008870
0.0008892
0.0008900
0.0008877
0.0008877
0.0008879
0.0008845
0.0008815
0.0008767
0.0008672
0.0008574
0.0008480
0.0008415
0.0008373
0.0008310
0.0008284
0.0008204
0.0008137
0.0008062
0.0008006
0.0007973
0.0007942
0.0007941
0.0007957
0.0008011
0.0007990
0.0008000
0.0008010
0.0008018
0.0008013
0.0007973
0.0007919
0.0007839
0.0007778
0.0007797
0.0007826
0.0007858
0.0007932
0.0007969
0.0008002
0.0008072
0.0008167
0.0008258
0.0008367
0.0008446
0.0008488
0.0008510
0.0008536
0.0008540
0.0008545
0.0008555
0.0008617
0.0008663
0.0008717
0.0008767
0.0008826
0.0008826
0.0008833
0.0008862
0.0008916
0.0008915
0.0008931
0.0008948
0.0008911
0.0008908
0.0008949
0.0009029
0.0009111
0.0009173
0.0009223
0.0009300
0.0009356
0.0009410
0.0009437
0.0009470
0.0009515
0.0009555
0.0009550
0.0009494
0.0009450
0.0009412
0.0009388
0.0009339
0.0009307
0.0009252
0.0009190
0.0009141
0.0009158
0.0009203
0.0009267
0.0009272
0.0009288
0.0009318
0.0009343
0.0009352
0.0009366
0.0009351
0.0009264
0.0009208
0.0009172
0.0009164
0.0009203
0.0009258
0.0009274
0.0009279
0.0009293
0.0009281
0.0009235
0.0009227
0.0009254
0.0009313
0.0009325
0.0009292
0.0009251
0.0009206
0.0009180
0.0009091
0.0009065
0.0009030
0.0009027
0.0008963
0.0008934
0.0008892
0.0008870
0.0008903
0.0008956
0.0009030
0.0009078
0.0009138
0.0009220
0.0009287
0.0009357
0.0009409
0.0009479
0.0009551
0.0009575
0.0009610
0.0009634
0.0009690
0.0009709
0.0009738
0.0009792
0.0009854
0.0009876
0.0009922
0.0009989
0.0010051
0.0010059
0.0010123
0.0010168
0.0010210
0.0010248
0.0010329
0.0010409
0.0010471
0.0010505
0.0010538
0.0010555
0.0010560
0.0010542
0.0010465
0.0010399
0.0010344
0.0010293
0.0010235
0.0010168
0.0010124
0.0010084
0.0010053
0.0010018
0.0010004
0.0009995
0.0010042
0.0010082
0.0010149
0.0010233
0.0010347
0.0010427
0.0010489
0.0010546
0.0010611
0.0010713
0.0010822
0.0010884
0.0010977
0.0011044
0.0011063
0.0011074
0.0011102
0.0011091
0.0011097
0.0011065
0.0011032
0.0011003
0.0011019
0.0011038
0.0011069
0.0011076
0.0011062
0.0011081
0.0011074
0.0011096
0.0011067
0.0011033
0.0011007
0.0011025
0.0011059
0.0011084
0.0011115
0.0011141
0.0011196
0.0011324
0.0011396
0.0011450
0.0011486
0.0011509
0.0011526
0.0011516
0.0011519
0.0011547
0.0011559
0.0011536
0.0011517
0.0011514
0.0011532
0.0011553
0.0011613
0.0011697
0.0011791
0.0011887
0.0011957
0.0012045
0.0012147
0.0012243
0.0012328
0.0012382
0.0012452
0.0012520
0.0012565
0.0012592
0.0012607
0.0012645
0.0012667
0.0012696
0.0012732
0.0012802
0.0012859
0.0012942
0.0012996
0.0013072
0.0013127
0.0013138
0.0013186
0.0013203
0.0013218
0.0013242
0.0013239
0.0013284
0.0013285
0.0013247
0.0013196
0.0013141
0.0013072
0.0013013
0.0012974
0.0012994
0.0013040
0.0013068
0.0013118
0.0013196
0.0013279
0.0013351
0.0013389
0.0013412
0.0013361
0.0013299
0.0013249
0.0013226
0.0013220
0.0013193
0.0013159
0.0013135
0.0013123
0.0013123
0.0013096
0.0013070
0.0013078
0.0013043
0.0013069
0.0013119
0.0013190
0.0013251
0.0013305
0.0013352
0.0013410
0.0013466
0.0013512
0.0013504
0.0013488
0.0013492
0.0013499
0.0013491
0.0013491
0.0013495
0.0013477
0.0013498
0.0013523
0.0013537
0.0013581
0.0013612
0.0013616
0.0013637
0.0013634
0.0013614
0.0013638
0.0013675
0.0013689
0.0013725
0.0013766
0.0013823
0.0013904
0.0013991
0.0014088
0.0014184
0.0014255
0.0014331
0.0014369
0.0014401
0.0014432
0.0014514
0.0014622
0.0014708
0.0014753
0.0014790
0.0014818
0.0014821
0.0014853
0.0014875
0.0014935
0.0014998
0.0015024
0.0015014
0.0014971
0.0014968
0.0014953
0.0014899
0.0014858
0.0014815
0.0014788
0.0014732
0.0014732
0.0014732
0.0014749
0.0014779
0.0014820
0.0014833
0.0014834
0.0014779
0.0014731
0.0014746
0.0014791
0.0014860
0.0014917
0.0014953
0.0014980
0.0015042
0.0015068
0.0015081
0.0015125
0.0015135
0.0015154
0.0015147
0.0015111
0.0015081
0.0015046
0.0015013
0.0014984
0.0014961
0.0014973
0.0015013
0.0015017
0.0015026
0.0015027
0.0015007
0.0014959
0.0014902
0.0014854
0.0014828
0.0014782
0.0014719
0.0014631
0.0014538
0.0014455
0.0014380
0.0014316
0.0014299
0.0014296
0.0014257
0.0014269
0.0014349
0.0014424
0.0014505
0.0014602
0.0014678
0.0014721
0.0014728
0.0014749
0.0014797
0.0014823
0.0014829
0.0014851
0.0014868
0.0014907
0.0014936
0.0014954
0.0015020
0.0015055
0.0015105
0.0015186
0.0015245
0.0015249
0.0015221
0.0015165
0.0015144
0.0015113
0.0015099
0.0015078
0.0015123
0.0015141
0.0015104
0.0015055
0.0015014
0.0014990
0.0014952
0.0014903
0.0014847
0.0014800
0.0014746
0.0014685
0.0014667
0.0014642
0.0014634
0.0014592
0.0014508
0.0014454
0.0014375
0.0014324
0.0014255
0.0014145
0.0013996
0.0013838
0.0013680
0.0013578
0.0013457
0.0013376
0.0013313
0.0013250
0.0013213
0.0013191
0.0013156
0.0013112
0.0013074
0.0013029
0.0012950
0.0012878
0.0012834
0.0012809
0.0012745
0.0012677
0.0012602
0.0012564
0.0012517
0.0012447
0.0012358
0.0012328
0.0012309
0.0012264
0.0012165
0.0012023
0.0011880
0.0011740
0.0011605
0.0011455
0.0011332
0.0011203
0.0011113
0.0011036
0.0010954
0.0010902
0.0010856
0.0010806
0.0010799
0.0010819
0.0010851
0.0010844
0.0010801
0.0010736
0.0010699
0.0010634
0.0010534
0.0010449
0.0010323
0.0010221
0.0010103
0.0010022
0.0009926
0.0009850
0.0009753
0.0009720
0.0009688
0.0009600
0.0009518
0.0009432
0.0009405
0.0009374
0.0009390
0.0009455
0.0009529
0.0009593
0.0009621
0.0009570
0.0009532
0.0009523
0.0009475
0.0009466
0.0009450
0.0009441
0.0009475
0.0009506
0.0009519
0.0009506
0.0009525
0.0009563
0.0009617
0.0009666
0.0009762
0.0009797
0.0009831
0.0009876
0.0009876
0.0009902
0.0009921
0.0009940
0.0009930
0.0009927
0.0009900
0.0009899
0.0009943
0.0009985
0.0009988
0.0009984
0.0010004
0.0010015
0.0009971
0.0009959
0.0009964
0.0009932
0.0009879
0.0009802
0.0009730
0.0009650
0.0009533
0.0009463
0.0009467
0.0009501
0.0009503
0.0009517
0.0009509
0.0009555
0.0009610
0.0009622
0.0009610
0.0009579
0.0009561
0.0009564
0.0009557
0.0009519
0.0009441
0.0009382
0.0009323
0.0009300
0.0009281
0.0009285
0.0009312
0.0009340
0.0009375
0.0009391
0.0009414
0.0009466
0.0009559
0.0009609
0.0009669
0.0009687
0.0009670
0.0009618
0.0009600
0.0009526
0.0009464
0.0009405
0.0009354
0.0009340
0.0009366
0.0009318
0.0009265
0.0009244
0.0009208
0.0009121
0.0009025
0.0008936
0.0008862
0.0008770
0.0008672
0.0008541
0.0008473
0.0008410
0.0008344
0.0008261
0.0008172
0.0008027
0.0007918
0.0007839
0.0007729
0.0007648
0.0007549
0.0007496
0.0007411
0.0007343
0.0007297
0.0007242
0.0007155
0.0007032
0.0006963
0.0006923
0.0006840
0.0006767
0.0006690
0.0006688
0.0006654
0.0006622
0.0006588
0.0006578
0.0006587
0.0006626
0.0006708
0.0006761
0.0006820
0.0006909
0.0006967
0.0007028
0.0007127
0.0007198
0.0007237
0.0007247
0.0007303
0.0007359
0.0007330
0.0007330
0.0007319
0.0007280
0.0007258
0.0007202
0.0007197
0.0007221
0.0007253
0.0007346
0.0007478
0.0007577
0.0007685
0.0007771
0.0007828
0.0007867
0.0007941
0.0008013
0.0008079
0.0008131
0.0008232
0.0008380
0.0008497
0.0008529
0.0008522
0.0008531
0.0008485
0.0008445
0.0008412
0.0008381
0.0008362
0.0008376
0.0008378
0.0008393
0.0008412
0.0008437
0.0008431
0.0008411
0.0008380
0.0008323
0.0008234
0.0008129
0.0008113
0.0008103
0.0008082
0.0008084
0.0008065
0.0008064
0.0008059
0.0008009
0.0007964
0.0007909
0.0007862
0.0007812
0.0007761
0.0007767
0.0007801
0.0007824
0.0007839
0.0007889
0.0007951
0.0007982
0.0008053
0.0008115
0.0008161
0.0008201
0.0008218
0.0008232
0.0008237
0.0008247
0.0008280
0.0008278
0.0008296
0.0008312
0.0008295
0.0008301
0.0008282
0.0008237
0.0008143
0.0008063
0.0008006
0.0007980
0.0007936
0.0007911
0.0007911
0.0007910
0.0007917
0.0007913
0.0007969
0.0007987
0.0008003
0.0007976
0.0007949
0.0007928
0.0007849
0.0007792
0.0007769
0.0007766
0.0007785
0.0007838
0.0007888
0.0007937
0.0007965
0.0007978
0.0007968
0.0007999
0.0007959
0.0007938
0.0007887
0.0007829
0.0007800
0.0007814
0.0007811
0.0007832
0.0007884
0.0007984
0.0008031
0.0008046
0.0008054
0.0008095
0.0008139
0.0008205
0.0008274
0.0008311
0.0008387
0.0008452
0.0008457
0.0008444
0.0008487
0.0008500
0.0008498
0.0008513
0.0008559
0.0008589
0.0008621
0.0008631
0.0008662
0.0008668
0.0008676
0.0008691
0.0008645
0.0008585
0.0008549
0.0008519
0.0008459
0.0008365
0.0008266
0.0008197
0.0008129
0.0008081
0.0008023
0.0007970
0.0007980
0.0008030
0.0008057
0.0008090
0.0008142
0.0008210
0.0008322
0.0008402
0.0008451
0.0008436
0.0008412
0.0008405
0.0008441
0.0008492
0.0008552
0.0008585
0.0008611
0.0008642
0.0008700
0.0008673
0.0008631
0.0008620
0.0008616
0.0008576
0.0008515
0.0008447
0.0008397
0.0008399
0.0008434
0.0008500
0.0008573
0.0008638
0.0008705
0.0008735
0.0008790
0.0008852
0.0008891
0.0008892
0.0008904
0.0008937
0.0008949
0.0008953
0.0008974
0.0008982
0.0008973
0.0008990
0.0009027
0.0009042
0.0009032
0.0008987
0.0008977
0.0008956
0.0008971
0.0009041
0.0009031
0.0008993
0.0008880
0.0008757
0.0008634
0.0008505
0.0008410
0.0008324
0.0008301
0.0008325
0.0008327
0.0008336
0.0008326
0.0008293
0.0008291
0.0008262
0.0008259
0.0008240
0.0008231
0.0008247
0.0008243
0.0008245
0.0008231
0.0008190
0.0008141
0.0008080
0.0008003
0.0007977
0.0007952
0.0007916
0.0007880
0.0007836
0.0007819
0.0007799
0.0007796
0.0007831
0.0007843
0.0007823
0.0007847
0.0007870
0.0007889
0.0007936
0.0007975
0.0007989
0.0008019
0.0008091
0.0008098
0.0008133
0.0008198
0.0008246
0.0008306
0.0008363
0.0008420
0.0008449
0.0008454
0.0008472
0.0008522
0.0008569
0.0008604
0.0008604
0.0008618
0.0008600
0.0008642
0.0008678
0.0008686
0.0008694
0.0008663
0.0008633
0.0008641
0.0008669
0.0008652
0.0008610
0.0008552
0.0008481
0.0008408
0.0008303
0.0008202
0.0008112
0.0008079
0.0008073
0.0008147
0.0008223
0.0008274
0.0008336
0.0008328
0.0008327
0.0008330
0.0008296
0.0008297
0.0008315
0.0008355
0.0008400
0.0008413
0.0008394
0.0008428
0.0008441
0.0008439
0.0008470
0.0008493
0.0008563
0.0008656
0.0008710
0.0008732
0.0008737
0.0008762
0.0008825
0.0008890
0.0008965
0.0009021
0.0009089
0.0009177
0.0009239
0.0009280
0.0009336
0.0009357
0.0009359
0.0009364
0.0009333
0.0009272
0.0009286
0.0009309
0.0009408
0.0009504
0.0009576
0.0009637
0.0009660
0.0009673
0.0009730
0.0009734
0.0009755
0.0009771
0.0009813
0.0009844
0.0009821
0.0009824
0.0009840
0.0009863
0.0009845
0.0009767
0.0009699
0.0009637
0.0009596
0.0009517
0.0009499
0.0009463
0.0009446
0.0009385
0.0009305
0.0009252
0.0009220
0.0009142
0.0009014
0.0008929
0.0008842
0.0008795
0.0008714
0.0008637
0.0008584
0.0008524
0.0008459
0.0008405
0.0008374
0.0008374
0.0008453
0.0008474
0.0008463
0.0008417
0.0008379
0.0008374
0.0008339
0.0008344
0.0008341
0.0008336
0.0008315
0.0008282
0.0008284
0.0008282
0.0008275
0.0008288
0.0008310
0.0008324
0.0008363
0.0008460
0.0008534
0.0008582
0.0008596
0.0008640
0.0008701
0.0008823
0.0008903
0.0008955
0.0009016
0.0009110
0.0009209
0.0009299
0.0009383
0.0009457
0.0009529
0.0009573
0.0009576
0.0009530
0.0009471
0.0009424
0.0009383
0.0009376
0.0009401
0.0009472
0.0009509
0.0009591
0.0009659
0.0009774
0.0009876
0.0009926
0.0009937
0.0009924
0.0009900
0.0009867
0.0009857
0.0009801
0.0009763
0.0009733
0.0009692
0.0009690
0.0009721
0.0009693
0.0009709
0.0009759
0.0009879
0.0009944
0.0009998
0.0010069
0.0010162
0.0010249
0.0010340
0.0010404
0.0010488
0.0010587
0.0010697
0.0010791
0.0010857
0.0010906
0.0010913
0.0010932
0.0010922
0.0010905
0.0010892
0.0010851
0.0010811
0.0010776
0.0010740
0.0010703
0.0010648
0.0010591
0.0010528
0.0010476
0.0010404
0.0010299
0.0010206
0.0010135
0.0010025
0.0009916
0.0009810
0.0009734
0.0009606
0.0009512
0.0009496
0.0009510
0.0009499
0.0009500
0.0009516
0.0009513
0.0009505
0.0009460
0.0009438
0.0009422
0.0009360
0.0009337
0.0009320
0.0009345
0.0009371
0.0009401
0.0009397
0.0009389
0.0009409
0.0009427
0.0009449
0.0009422
0.0009433
0.0009412
0.0009404
0.0009372
0.0009310
0.0009263
0.0009261
0.0009220
0.0009216
0.0009231
0.0009206
0.0009186
0.0009169
0.0009161
0.0009109
0.0009061
0.0009025
0.0008973
0.0008902
0.0008892
0.0008817
0.0008772
0.0008747
0.0008758
0.0008738
0.0008761
0.0008782
0.0008793
0.0008760
0.0008738
0.0008682
0.0008659
0.0008620
0.0008612
0.0008578
0.0008577
0.0008595
0.0008570
0.0008563
0.0008548
0.0008560
0.0008579
0.0008594
0.0008609
0.0008586
0.0008526
0.0008446
0.0008377
0.0008271
0.0008163
0.0008084
0.0008012
0.0007947
0.0007892
0.0007854
0.0007792
0.0007777
0.0007813
0.0007843
0.0007895
0.0007902
0.0007940
0.0007970
0.0008001
0.0007999
0.0007988
0.0007993
0.0008013
0.0008025
0.0008021
0.0007999
0.0007971
0.0007922
0.0007820
0.0007718
0.0007607
0.0007493
0.0007420
0.0007349
0.0007308
0.0007269
0.0007165
0.0007090
0.0007010
0.0006952
0.0006949
0.0006951
0.0006943
0.0006961
0.0006935
0.0006928
0.0006889
0.0006863
0.0006870
0.0006867
0.0006881
0.0006886
0.0006848
0.0006835
0.0006795
0.0006814
0.0006842
0.0006906
0.0006969
0.0007035
0.0007090
0.0007172
0.0007226
0.0007285
0.0007334
0.0007412
0.0007481
0.0007569
0.0007628
0.0007675
0.0007694
0.0007737
0.0007729
0.0007720
0.0007766
0.0007789
0.0007785
0.0007763
0.0007775
0.0007775
0.0007748
0.0007705
0.0007679
0.0007662
0.0007675
0.0007697
0.0007676
0.0007634
0.0007621
0.0007611
0.0007568
0.0007529
0.0007557
0.0007557
0.0007567
0.0007587
0.0007598
0.0007597
0.0007555
0.0007538
0.0007563
0.0007600
0.0007587
0.0007560
0.0007511
0.0007486
0.0007477
0.0007483
0.0007481
0.0007502
0.0007511
0.0007463
0.0007402
0.0007372
0.0007407
0.0007525
0.0007641
0.0007767
0.0007903
0.0007987
0.0008017
0.0008012
0.0008038
0.0008032
0.0007969
0.0007954
0.0007973
0.0008036
0.0008163
0.0008302
0.0008429
0.0008574
0.0008715
0.0008898
0.0009069
0.0009203
0.0009319
0.0009383
0.0009384
0.0009397
0.0009339
0.0009299
0.0009265
0.0009288
0.0009279
0.0009304
0.0009339
0.0009329
0.0009382
0.0009407
0.0009399
0.0009378
0.0009334
0.0009254
0.0009223
0.0009170
0.0009085
0.0008991
0.0008979
0.0008975
0.0008924
0.0008904
0.0008896
0.0008903
0.0008950
0.0008996
0.0009044
0.0009157
0.0009257
0.0009313
0.0009343
0.0009353
0.0009323
0.0009346
0.0009357
0.0009373
0.0009390
0.0009405
0.0009459
0.0009494
0.0009504
0.0009569
0.0009679
0.0009792
0.0009899
0.0009987
0.0010103
0.0010217
0.0010315
0.0010413
0.0010538
0.0010638
0.0010732
0.0010836
0.0010983
0.0011106
0.0011262
0.0011402
0.0011523
0.0011645
0.0011794
0.0011921
0.0012058
0.0012180
0.0012314
0.0012468
0.0012567
0.0012644
0.0012776
0.0012875
0.0012962
0.0013028
0.0013084
0.0013110
0.0013152
0.0013209
0.0013289
0.0013363
0.0013441
0.0013452
0.0013477
0.0013503
0.0013551
0.0013536
0.0013500
0.0013496
0.0013441
0.0013405
0.0013378
0.0013344
0.0013326
0.0013312
0.0013312
0.0013318
0.0013313
0.0013296
0.0013300
0.0013311
0.0013306
0.0013330
0.0013411
0.0013524
0.0013691
0.0013831
0.0013975
0.0014086
0.0014163
0.0014205
0.0014253
0.0014300
0.0014353
0.0014402
0.0014446
0.0014459
0.0014476
0.0014523
0.0014559
0.0014570
0.0014557
0.0014536
0.0014520
0.0014501
0.0014508
0.0014512
0.0014500
0.0014478
0.0014425
0.0014401
0.0014377
0.0014398
0.0014403
0.0014434
0.0014502
0.0014510
0.0014485
0.0014441
0.0014367
0.0014293
0.0014224
0.0014183
0.0014141
0.0014098
0.0014038
0.0013959
0.0013913
0.0013862
0.0013812
0.0013757
0.0013734
0.0013765
0.0013790
0.0013796
0.0013751
0.0013721
0.0013666
0.0013631
0.0013577
0.0013533
0.0013526
0.0013495
0.0013471
0.0013486
0.0013514
0.0013569
0.0013619
0.0013625
0.0013575
0.0013537
0.0013489
0.0013494
0.0013503
0.0013530
0.0013495
0.0013504
0.0013519
0.0013538
0.0013556
0.0013573
0.0013592
0.0013609
0.0013623
0.0013648
0.0013662
0.0013734
0.0013808
0.0013881
0.0013971
0.0014052
0.0014099
0.0014175
0.0014167
0.0014143
0.0014118
0.0014105
0.0014069
0.0013988
0.0013974
0.0013966
0.0013947
0.0013911
0.0013931
0.0013906
0.0013913
0.0013971
0.0014113
0.0014228
0.0014306
0.0014412
0.0014490
0.0014564
0.0014626
0.0014677
0.0014724
0.0014756
0.0014796
0.0014894
0.0014929
0.0014952
0.0015009
0.0015034
0.0015091
0.0015143
0.0015213
0.0015271
0.0015340
0.0015414
0.0015445
0.0015470
0.0015529
0.0015546
0.0015575
0.0015611
0.0015645
0.0015688
0.0015796
0.0015863
0.0015872
0.0015875
0.0015884
0.0015875
0.0015891
0.0015902
0.0015881
0.0015886
0.0015926
0.0015943
0.0015942
0.0015912
0.0015931
0.0015956
0.0016012
0.0016101
0.0016177
0.0016232
0.0016254
0.0016245
0.0016206
0.0016129
0.0016020
0.0015907
0.0015781
0.0015692
0.0015562
0.0015452
0.0015338
0.0015234
0.0015105
0.0015010
0.0014916
0.0014851
0.0014815
0.0014766
0.0014752
0.0014736
0.0014720
0.0014698
0.0014731
0.0014704
0.0014633
0.0014567
0.0014506
0.0014461
0.0014458
0.0014496
0.0014502
0.0014555
0.0014654
0.0014733
0.0014782
0.0014839
0.0014937
0.0015012
0.0015088
0.0015144
0.0015181
0.0015222
0.0015247
0.0015243
0.0015209
0.0015190
0.0015172
0.0015147
0.0015079
0.0015017
0.0014961
0.0014905
0.0014889
0.0014915
0.0014946
0.0014982
0.0015015
0.0014998
0.0014984
0.0014939
0.0014948
0.0014928
0.0014880
0.0014789
0.0014784
0.0014774
0.0014744
0.0014739
0.0014738
0.0014756
0.0014763
0.0014767
0.0014755
0.0014712
0.0014649
0.0014545
0.0014433
0.0014322
0.0014242
0.0014201
0.0014178
0.0014190
0.0014173
0.0014135
0.0014083
0.0014092
0.0014087
0.0014092
0.0014108
0.0014189
0.0014221
0.0014212
0.0014200
0.0014165
0.0014191
0.0014187
0.0014177
0.0014161
0.0014151
0.0014135
0.0014108
0.0014066
0.0013960
0.0013891
0.0013826
0.0013733
0.0013657
0.0013599
0.0013533
0.0013463
0.0013362
0.0013254
0.0013139
0.0013005
0.0012921
0.0012861
0.0012763
0.0012690
0.0012637
0.0012643
0.0012654
0.0012710
0.0012761
0.0012740
0.0012773
0.0012781
0.0012764
0.0012722
0.0012737
0.0012756
0.0012752
0.0012762
0.0012824
0.0012871
0.0012891
0.0012949
0.0012983
0.0012991
0.0013024
0.0013029
0.0013063
0.0013132
0.0013181
0.0013166
0.0013149
0.0013135
0.0013098
0.0013122
0.0013168
0.0013209
0.0013259
0.0013307
0.0013245
0.0013225
0.0013205
0.0013172
0.0013109
0.0013023
0.0012974
0.0012878
0.0012768
0.0012690
0.0012648
0.0012610
0.0012548
0.0012491
0.0012479
0.0012481
0.0012486
0.0012517
0.0012528
0.0012511
0.0012528
0.0012503
0.0012489
0.0012506
0.0012552
0.0012583
0.0012548
0.0012527
0.0012500
0.0012476
0.0012475
0.0012462
0.0012433
0.0012408
0.0012359
0.0012323
0.0012319
0.0012300
0.0012282
0.0012246
0.0012226
0.0012180
0.0012144
0.0012074
0.0012013
0.0011966
0.0011987
0.0012029
0.0012080
0.0012115
0.0012146
0.0012191
0.0012256
0.0012317
0.0012388
0.0012427
0.0012435
0.0012420
0.0012401
0.0012369
0.0012367
0.0012375
0.0012392
0.0012428
0.0012488
0.0012556
0.0012617
0.0012692
0.0012751
0.0012808
0.0012868
0.0012903
0.0012967
0.0013036
0.0013047
0.0013009
0.0013007
0.0013040
0.0013091
0.0013130
0.0013153
0.0013174
0.0013214
0.0013240
0.0013243
0.0013211
0.0013179
0.0013158
0.0013167
0.0013151
0.0013153
0.0013181
0.0013163
0.0013146
0.0013057
0.0012975
0.0012902
0.0012871
0.0012898
0.0012906
0.0012876
0.0012942
0.0013009
0.0013077
0.0013140
0.0013170
0.0013174
0.0013153
0.0013135
0.0013102
0.0013107
0.0013088
0.0013082
0.0013092
0.0013089
0.0013109
0.0013160
0.0013191
0.0013180
0.0013166
0.0013175
0.0013169
0.0013150
0.0013119
0.0013100
0.0013118
0.0013102
0.0013061
0.0013036
0.0012964
0.0012914
0.0012844
0.0012804
0.0012734
0.0012665
0.0012612
0.0012539
0.0012494
0.0012462
0.0012441
0.0012378
0.0012292
0.0012170
0.0012063
0.0011986
0.0011950
0.0011936
0.0011884
0.0011790
0.0011716
0.0011666
0.0011632
0.0011596
0.0011548
0.0011487
0.0011441
0.0011405
0.0011389
0.0011348
0.0011303
0.0011292
0.0011316
0.0011377
0.0011473
0.0011531
0.0011597
0.0011621
0.0011649
0.0011679
0.0011721
0.0011722
0.0011683
0.0011668
0.0011617
0.0011573
0.0011482
0.0011397
0.0011327
0.0011278
0.0011272
0.0011287
0.0011299
0.0011318
0.0011303
0.0011231
0.0011185
0.0011097
0.0010992
0.0010888
0.0010755
0.0010633
0.0010500
0.0010351
0.0010246
0.0010195
0.0010159
0.0010163
0.0010190
0.0010237
0.0010276
0.0010299
0.0010328
0.0010373
0.0010433
0.0010455
0.0010426
0.0010354
0.0010328
0.0010296
0.0010324
0.0010320
0.0010294
0.0010289
0.0010239
0.0010234
0.0010249
0.0010287
0.0010320
0.0010351
0.0010336
0.0010352
0.0010367
0.0010371
0.0010407
0.0010444
0.0010503
0.0010533
0.0010563
0.0010579
0.0010582
0.0010596
0.0010598
0.0010593
0.0010598
0.0010615
0.0010610
0.0010581
0.0010521
0.0010407
0.0010322
0.0010294
0.0010227
0.0010162
0.0010085
0.0010039
0.0010046
0.0010037
0.0010084
0.0010173
0.0010245
0.0010282
0.0010265
0.0010248
0.0010236
0.0010226
0.0010278
0.0010350
0.0010395
0.0010385
0.0010353
0.0010316
0.0010284
0.0010250
0.0010269
0.0010279
0.0010308
0.0010346
0.0010444
0.0010537
0.0010609
0.0010664
0.0010700
0.0010758
0.0010818
0.0010848
0.0010891
0.0010929
0.0010969
0.0011079
0.0011141
0.0011144
0.0011168
0.0011182
0.0011195
0.0011203
0.0011217
0.0011188
0.0011160
0.0011151
0.0011149
0.0011141
0.0011127
0.0011161
0.0011146
0.0011168
0.0011224
0.0011263
0.0011277
0.0011285
0.0011312
0.0011399
0.0011482
0.0011608
0.0011679
0.0011742
0.0011800
0.0011872
0.0011939
0.0011938
0.0011984
0.0012002
0.0012002
0.0012007
0.0012009
0.0012039
0.0012075
0.0012092
0.0012117
0.0012123
0.0012159
0.0012187
0.0012224
0.0012257
0.0012256
0.0012268
0.0012228
0.0012190
0.0012164
0.0012140
0.0012158
0.0012191
0.0012200
0.0012218
0.0012245
0.0012271
0.0012290
0.0012273
0.0012270
0.0012282
0.0012296
0.0012227
0.0012153
0.0012117
0.0012059
0.0011969
0.0011881
0.0011835
0.0011800
0.0011722
0.0011655
0.0011549
0.0011426
0.0011313
0.0011202
0.0011095
0.0010997
0.0010895
0.0010785
0.0010650
0.0010536
0.0010401
0.0010257
0.0010106
0.0010001
0.0009908
0.0009855
0.0009827
0.0009789
0.0009789
0.0009808
0.0009812
0.0009835
0.0009902
0.0009949
0.0009974
0.0009994
0.0009997
0.0009995
0.0009973
0.0009905
0.0009848
0.0009804
0.0009734
0.0009642
0.0009577
0.0009567
0.0009538
0.0009486
0.0009393
0.0009256
0.0009128
0.0009036
0.0008902
0.0008765
0.0008635
0.0008503
0.0008346
0.0008162
0.0008062
0.0007938
0.0007827
0.0007708
0.0007639
0.0007593
0.0007555
0.0007503
0.0007467
0.0007406
0.0007277
0.0007168
0.0007062
0.0006996
0.0006893
0.0006771
0.0006689
0.0006598
0.0006511
0.0006430
0.0006363
0.0006277
0.0006218
0.0006152
0.0006123
0.0006097
0.0006054
0.0006034
0.0006057
0.0006083
0.0006104
0.0006149
0.0006168
0.0006226
0.0006272
0.0006338
0.0006419
0.0006484
0.0006535
0.0006648
0.0006732
0.0006759
0.0006754
0.0006728
0.0006737
0.0006733
0.0006762
0.0006801
0.0006819
0.0006855
0.0006872
0.0006885
0.0006900
0.0006933
0.0006951
0.0006946
0.0006931
0.0006971
0.0006988
0.0007021
0.0007029
0.0007044
0.0007039
0.0007050
0.0007048
0.0007022
0.0006987
0.0006947
0.0006935
0.0006914
0.0006918
0.0006909
0.0006890
0.0006894
0.0006874
0.0006860
0.0006831
0.0006780
0.0006792
0.0006805
0.0006833
0.0006822
0.0006796
0.0006787
0.0006786
0.0006761
0.0006751
0.0006774
0.0006842
0.0006924
0.0007014
0.0007102
0.0007201
0.0007321
0.0007459
0.0007598
0.0007773
0.0007898
0.0008007
0.0008125
0.0008152
0.0008156
0.0008181
0.0008228
0.0008267
0.0008293
0.0008346
0.0008395
0.0008432
0.0008447
0.0008494
0.0008509
0.0008566
0.0008638
0.0008635
0.0008636
0.0008688
0.0008723
0.0008755
0.0008797
0.0008727
0.0008656
0.0008565
0.0008449
0.0008299
0.0008148
0.0008044
0.0008006
0.0007954
0.0007897
0.0007861
0.0007860
0.0007803
0.0007790
0.0007811
0.0007889
0.0007971
0.0008104
0.0008220
0.0008311
0.0008386
0.0008458
0.0008510
0.0008554
0.0008599
0.0008678
0.0008777
0.0008868
0.0008954
0.0009064
0.0009155
0.0009226
0.0009301
0.0009348
0.0009360
0.0009325
0.0009317
0.0009313
0.0009305
0.0009312
0.0009314
0.0009287
0.0009291
0.0009320
0.0009298
0.0009256
0.0009234
0.0009196
0.0009170
0.0009128
0.0009086
0.0009048
0.0008998
0.0008920
0.0008897
0.0008857
0.0008825
0.0008769
0.0008757
0.0008722
0.0008666
0.0008650
0.0008651
0.0008663
0.0008666
0.0008717
0.0008810
0.0008875
0.0008925
0.0009012
0.0009084
0.0009144
0.0009211
0.0009276
0.0009326
0.0009391
0.0009446
0.0009534
0.0009594
0.0009712
0.0009866
0.0010005
0.0010138
0.0010278
0.0010423
0.0010538
0.0010624
0.0010743
0.0010819
0.0010879
0.0010980
0.0011032
0.0011069
0.0011085
0.0011106
0.0011177
0.0011227
0.0011301
0.0011384
0.0011440
0.0011463
0.0011507
0.0011564
0.0011649
0.0011650
0.0011709
0.0011782
0.0011810
0.0011813
0.0011757
0.0011707
0.0011684
0.0011640
0.0011625
0.0011614
0.0011617
0.0011624
0.0011648
0.0011669
0.0011710
0.0011752
0.0011835
0.0011917
0.0011985
0.0012025
0.0012012
0.0012001
0.0011978
0.0011929
0.0011887
0.0011891
0.0011858
0.0011804
0.0011728
0.0011612
0.0011537
0.0011462
0.0011359
0.0011308
0.0011241
0.0011182
0.0011139
0.0011063
0.0011007
0.0010918
0.0010799
0.0010680
0.0010616
0.0010539
0.0010488
0.0010470
0.0010441
0.0010423
0.0010405
0.0010381
0.0010363
0.0010358
0.0010324
0.0010306
0.0010325
0.0010334
0.0010275
0.0010207
0.0010169
0.0010166
0.0010153
0.0010128
0.0010118
0.0010086
0.0010033
0.0009959
0.0009882
0.0009765
0.0009646
0.0009602
0.0009532
0.0009493
0.0009437
0.0009404
0.0009398
0.0009434
0.0009450
0.0009480
0.0009493
0.0009485
0.0009509
0.0009552
0.0009562
0.0009596
0.0009589
0.0009571
0.0009610
0.0009631
0.0009595
0.0009609
0.0009611
0.0009617
0.0009635
0.0009679
0.0009714
0.0009700
0.0009670
0.0009607
0.0009605
0.0009609
0.0009665
0.0009706
0.0009754
0.0009732
0.0009764
0.0009822
0.0009866
0.0009918
0.0009929
0.0009933
0.0009913
0.0009947
0.0010017
0.0010159
0.0010300
0.0010409
0.0010520
0.0010601
0.0010697
0.0010772
0.0010850
0.0010954
0.0011070
0.0011159
0.0011210
0.0011241
0.0011221
0.0011234
0.0011260
0.0011274
0.0011285
0.0011269
0.0011242
0.0011233
0.0011216
0.0011193
0.0011168
0.0011136
0.0011074
0.0011004
0.0010959
0.0010932
0.0010932
0.0010936
0.0010955
0.0010933
0.0010888
0.0010803
0.0010715
0.0010669
0.0010609
0.0010533
0.0010445
0.0010351
0.0010261
0.0010232
0.0010182
0.0010092
0.0010043
0.0010005
0.0009960
0.0009953
0.0009921
0.0009854
0.0009814
0.0009721
0.0009690
0.0009687
0.0009647
0.0009617
0.0009581
0.0009560
0.0009563
0.0009586
0.0009568
0.0009555
0.0009581
0.0009589
0.0009642
0.0009696
0.0009760
0.0009789
0.0009809
0.0009813
0.0009852
0.0009907
0.0009952
0.0009993
0.0009987
0.0009991
0.0010014
0.0010011
0.0010064
0.0010149
0.0010241
0.0010304
0.0010333
0.0010321
0.0010323
0.0010238
0.0010168
0.0010096
0.0010025
0.0009976
0.0009911
0.0009879
0.0009885
0.0009941
0.0010023
0.0010091
0.0010111
0.0010137
0.0010173
0.0010179
0.0010186
0.0010193
0.0010225
0.0010279
0.0010302
0.0010329
0.0010363
0.0010430
0.0010520
0.0010653
0.0010734
0.0010786
0.0010832
0.0010847
0.0010869
0.0010900
0.0010871
0.0010864
0.0010831
0.0010774
0.0010762
0.0010765
0.0010782
0.0010778
0.0010779
0.0010770
0.0010770
0.0010739
0.0010724
0.0010729
0.0010707
0.0010685
0.0010690
0.0010736
0.0010755
0.0010781
0.0010774
0.0010792
0.0010854
0.0010839
0.0010808
0.0010764
0.0010740
0.0010716
0.0010698
0.0010651
0.0010652
0.0010691
0.0010733
0.0010700
0.0010663
0.0010658
0.0010600
0.0010564
0.0010512
0.0010505
0.0010520
0.0010526
0.0010534
0.0010508
0.0010481
0.0010433
0.0010362
0.0010298
0.0010196
0.0010093
0.0010044
0.0010019
0.0010000
0.0009953
0.0009899
0.0009831
0.0009756
0.0009728
0.0009710
0.0009686
0.0009631
0.0009574
0.0009556
0.0009560
0.0009619
0.0009682
0.0009745
0.0009786
0.0009826
0.0009837
0.0009868
0.0009902
0.0009925
0.0009904
0.0009875
0.0009848
0.0009822
0.0009848
0.0009907
0.0009931
0.0009963
0.0009935
0.0009887
0.0009875
0.0009849
0.0009845
0.0009841
0.0009838
0.0009834
0.0009855
0.0009837
0.0009800
0.0009776
0.0009736
0.0009712
0.0009665
0.0009654
0.0009664
0.0009610
0.0009594
0.0009560
0.0009539
0.0009535
0.0009541
0.0009569
0.0009584
0.0009596
0.0009604
0.0009575
0.0009550
0.0009520
0.0009477
0.0009447
0.0009462
0.0009472
0.0009527
0.0009594
0.0009658
0.0009730
0.0009750
0.0009759
0.0009785
0.0009786
0.0009737
0.0009692
0.0009671
0.0009629
0.0009610
0.0009560
0.0009520
0.0009476
0.0009473
0.0009487
0.0009489
0.0009499
0.0009537
0.0009559
0.0009563
0.0009561
0.0009554
0.0009538
0.0009560
0.0009572
0.0009563
0.0009506
0.0009505
0.0009466
0.0009459
0.0009491
0.0009505
0.0009554
0.0009579
0.0009633
0.0009691
0.0009711
0.0009777
0.0009862
0.0009957
0.0010017
0.0010042
0.0010059
0.0010075
0.0010083
0.0010086
0.0010130
0.0010191
0.0010241
0.0010245
0.0010270
0.0010271
0.0010263
0.0010237
0.0010181
0.0010137
0.0010163
0.0010197
0.0010214
0.0010214
0.0010213
0.0010293
0.0010343
0.0010353
0.0010382
0.0010332
0.0010299
0.0010274
0.0010268
0.0010238
0.0010254
0.0010244
0.0010236
0.0010245
0.0010222
0.0010182
0.0010163
0.0010136
0.0010121
0.0010126
0.0010122
0.0010099
0.0010140
0.0010174
0.0010225
0.0010285
0.0010333
0.0010377
0.0010382
0.0010371
0.0010360
0.0010310
0.0010226
0.0010148
0.0010131
0.0010076
0.0010055
0.0010050
0.0010030
0.0010029
0.0010027
0.0010093
0.0010157
0.0010212
0.0010277
0.0010261
0.0010204
0.0010184
0.0010191
0.0010155
0.0010093
0.0010033
0.0009956
0.0009884
0.0009880
0.0009884
0.0009884
0.0009878
0.0009922
0.0009936
0.0010024
0.0010134
0.0010216
0.0010258
0.0010238
0.0010211
0.0010157
0.0010113
0.0010035
0.0009951
0.0009858
0.0009805
0.0009758
0.0009717
0.0009734
0.0009735
0.0009732
0.0009702
0.0009693
0.0009688
0.0009691
0.0009668
0.0009595
0.0009527
0.0009489
0.0009417
0.0009310
0.0009256
0.0009255
0.0009262
0.0009268
0.0009257
0.0009270
0.0009305
0.0009333
0.0009355
0.0009388
0.0009401
0.0009404
0.0009407
0.0009414
0.0009419
0.0009455
0.0009467
0.0009465
0.0009478
0.0009467
0.0009397
0.0009363
0.0009369
0.0009355
0.0009347
0.0009357
0.0009364
0.0009374
0.0009377
0.0009422
0.0009463
0.0009470
0.0009473
0.0009449
0.0009451
0.0009481
0.0009495
0.0009523
0.0009521
0.0009548
0.0009590
0.0009626
0.0009632
0.0009650
0.0009671
0.0009732
0.0009780
0.0009771
0.0009794
0.0009773
0.0009726
0.0009689
0.0009626
0.0009566
0.0009466
0.0009365
0.0009265
0.0009188
0.0009133
0.0009099
0.0009045
0.0008967
0.0008906
0.0008889
0.0008891
0.0008908
0.0008896
0.0008849
0.0008792
0.0008730
0.0008640
0.0008522
0.0008417
0.0008282
0.0008203
0.0008106
0.0007973
0.0007847
0.0007727
0.0007594
0.0007487
0.0007399
0.0007326
0.0007270
0.0007236
0.0007189
0.0007140
0.0007059
0.0006964
0.0006876
0.0006820
0.0006753
0.0006676
0.0006614
0.0006608
0.0006654
0.0006694
0.0006676
0.0006666
0.0006639
0.0006615
0.0006561
0.0006525
0.0006499
0.0006489
0.0006428
0.0006340
0.0006255
0.0006171
0.0006113
0.0006018
0.0005920
0.0005820
0.0005718
0.0005598
0.0005502
0.0005452
0.0005396
0.0005409
0.0005438
0.0005441
0.0005433
0.0005411
0.0005353
0.0005288
0.0005234
0.0005158
0.0005096
0.0005073
0.0005052
0.0005018
0.0005022
0.0004978
0.0004981
0.0004995
0.0005033
0.0005094
0.0005169
