0.0412737
0.0269508
0.0184148
0.0129571
0.0092731
0.0067867
0.0049934
0.0037257
0.0027750
0.0021202
0.0016536
0.0013255
0.0010669
0.0008538
0.0006634
0.0004279
0.0002807
0.0001846
0.0000810
0.0000249
-0.0000304
-0.0000490
-0.0000083
-0.0000384
-0.0000110
-0.0000132
-0.0000179
-0.0000339
-0.0000462
-0.0000964
-0.0001154
-0.0000883
-0.0000741
-0.0000881
-0.0000747
-0.0000819
-0.0000967
-0.0000571
-0.0000903
-0.0001427
-0.0001499
-0.0001547
-0.0001254
-0.0000644
-0.0000898
-0.0000562
0.0000025
0.0000691
0.0001419
0.0001454
0.0000680
-0.0000244
-0.0000643
-0.0000396
-0.0000176
0.0000410
0.0000442
0.0000584
0.0000123
0.0000042
-0.0000716
-0.0001068
-0.0001137
-0.0001216
-0.0000723
-0.0000851
-0.0000146
0.0000716
0.0001319
0.0001022
0.0001378
0.0001525
0.0001475
0.0001802
0.0001661
0.0001861
0.0002136
0.0001854
0.0000506
-0.0000111
-0.0000413
-0.0000910
-0.0000899
-0.0000625
-0.0000375
-0.0000173
0.0000011
-0.0000006
0.0000265
0.0000097
-0.0000165
-0.0000622
-0.0000287
-0.0000467
-0.0000681
-0.0000593
-0.0000520
-0.0000551
-0.0000583
-0.0000982
-0.0000832
-0.0000764
-0.0000310
-0.0001060
-0.0001732
-0.0001551
-0.0001379
-0.0001416
-0.0001352
-0.0001667
-0.0001633
-0.0001960
-0.0002455
-0.0003325
-0.0002746
-0.0002194
-0.0002191
-0.0002258
-0.0001503
-0.0000903
-0.0000209
0.0000478
0.0000740
0.0000831
0.0000881
0.0000939
0.0001125
0.0000856
0.0000926
0.0001012
0.0000965
0.0000370
0.0000217
0.0000405
-0.0000023
-0.0000512
-0.0000600
-0.0000570
-0.0001081
-0.0001652
-0.0001268
-0.0000676
-0.0000107
0.0000109
-0.0000541
-0.0000697
-0.0000716
-0.0001366
-0.0001937
-0.0002048
-0.0001316
-0.0001058
-0.0000565
-0.0000345
-0.0000317
0.0000029
0.0000285
0.0000028
0.0000233
0.0000356
0.0000458
0.0000292
0.0000091
0.0000209
0.0000055
0.0000258
0.0000135
-0.0000473
-0.0000946
-0.0000757
-0.0000946
-0.0000828
-0.0000451
-0.0000129
0.0000093
0.0000244
0.0000335
0.0000421
0.0000565
0.0000679
0.0000644
0.0000698
0.0000758
0.0000530
0.0000500
0.0000503
0.0000176
0.0000007
-0.0000223
-0.0000365
-0.0000571
-0.0000229
-0.0000059
-0.0000104
0.0000162
0.0000225
0.0000123
-0.0000033
-0.0000397
-0.0000685
-0.0001046
-0.0001018
-0.0000166
-0.0000130
-0.0000617
-0.0000250
0.0000146
0.0000639
0.0001274
0.0001518
0.0001725
0.0001083
0.0000935
0.0000678
-0.0000125
-0.0000253
-0.0000506
-0.0001242
-0.0001138
-0.0000795
-0.0000647
-0.0001209
-0.0001262
-0.0001002
-0.0000401
0.0000199
0.0000220
0.0000704
0.0000249
-0.0000060
-0.0000391
-0.0000826
-0.0000793
-0.0001112
-0.0001070
-0.0001572
-0.0001230
-0.0000927
-0.0001157
-0.0001464
-0.0001083
-0.0000208
0.0000361
0.0000810
0.0000695
0.0000336
0.0000236
0.0000218
0.0000416
-0.0000087
-0.0000169
-0.0000589
-0.0000569
-0.0000587
-0.0000715
-0.0000712
-0.0000912
-0.0001004
-0.0000813
-0.0000966
-0.0001210
-0.0001037
-0.0000757
-0.0001337
-0.0001023
-0.0000660
-0.0000598
-0.0000909
-0.0000569
-0.0000770
-0.0000464
-0.0000185
-0.0000910
-0.0001078
-0.0001186
-0.0000890
-0.0000330
-0.0000089
0.0000203
-0.0000373
-0.0000573
-0.0000122
0.0000244
-0.0000073
0.0000292
-0.0000284
-0.0000403
-0.0000449
-0.0000169
-0.0000503
0.0000088
0.0000675
0.0000478
0.0001070
0.0001083
0.0000954
0.0001191
0.0001193
0.0000818
0.0000593
0.0000615
0.0001155
0.0001093
0.0001272
0.0001684
0.0002067
0.0001447
0.0000694
0.0000218
-0.0000102
0.0000105
0.0000257
0.0000636
0.0000646
-0.0000275
-0.0000792
-0.0000606
-0.0000230
-0.0000066
0.0000072
0.0000567
0.0000562
0.0000139
-0.0000303
-0.0000243
-0.0000496
-0.0000415
0.0000264
0.0000356
0.0000690
0.0000907
0.0000555
0.0000723
0.0000889
0.0000925
0.0001097
0.0000508
-0.0000268
-0.0000964
-0.0000427
0.0000012
0.0000458
0.0000666
0.0000489
0.0000721
0.0000773
0.0001225
0.0000765
0.0000892
0.0000678
0.0000796
0.0000459
0.0000169
0.0000317
-0.0000135
-0.0000060
-0.0000217
-0.0000005
0.0000747
0.0001001
0.0000490
0.0000027
0.0000380
0.0000605
0.0000720
0.0000757
0.0000231
-0.0000902
-0.0001427
-0.0001850
-0.0002511
-0.0002765
-0.0003243
-0.0002840
-0.0002596
-0.0002561
-0.0002326
-0.0002594
-0.0002540
-0.0002438
-0.0002533
-0.0002333
-0.0001983
-0.0001719
-0.0001174
-0.0001049
-0.0001050
-0.0000857
-0.0000834
-0.0000590
-0.0000714
-0.0000798
-0.0000326
-0.0000788
-0.0001413
-0.0001638
-0.0001619
-0.0001071
-0.0001291
-0.0001490
-0.0001794
-0.0001328
-0.0001483
-0.0001979
-0.0001880
-0.0001743
-0.0002256
-0.0002570
-0.0001907
-0.0001787
-0.0001422
-0.0001317
-0.0001333
-0.0001139
-0.0001278
-0.0001413
-0.0001945
-0.0002262
-0.0002073
-0.0001363
-0.0000870
-0.0000583
-0.0000265
0.0000146
0.0000222
-0.0000246
-0.0000362
-0.0000530
-0.0000577
-0.0000295
-0.0000644
-0.0000605
-0.0000696
-0.0000330
-0.0000360
-0.0000669
-0.0000636
-0.0000664
-0.0000419
-0.0000256
0.0000291
0.0000332
0.0000288
0.0001031
0.0001229
0.0000558
-0.0000192
-0.0000056
-0.0000219
-0.0000412
-0.0000539
-0.0000847
-0.0000971
-0.0001268
-0.0001746
-0.0001679
-0.0001143
-0.0000591
-0.0000529
-0.0001199
-0.0001158
-0.0001274
-0.0000801
-0.0001070
-0.0000885
-0.0001093
-0.0001236
-0.0001633
-0.0001374
-0.0001060
-0.0001288
-0.0000762
-0.0000640
-0.0000465
-0.0000775
-0.0001149
-0.0001160
-0.0000920
-0.0000332
-0.0000331
-0.0000655
-0.0000856
-0.0001196
-0.0001340
-0.0001444
-0.0001302
-0.0000736
-0.0000254
-0.0000575
-0.0000416
-0.0000032
-0.0000374
-0.0000659
-0.0000804
-0.0000982
-0.0000640
-0.0000372
-0.0000052
-0.0000032
0.0000091
-0.0000138
-0.0000326
0.0000622
0.0000560
0.0000590
0.0000284
0.0000140
-0.0000347
-0.0000569
-0.0000445
-0.0000090
-0.0000285
-0.0000534
-0.0000915
-0.0000499
-0.0000150
-0.0000488
-0.0000706
-0.0000369
0.0001121
0.0001505
0.0001285
0.0000563
0.0000359
0.0000131
-0.0000170
0.0000002
0.0000009
0.0000170
0.0000227
0.0000423
0.0000230
0.0000046
0.0000211
0.0000864
0.0000766
0.0000649
0.0000144
-0.0000036
-0.0000393
-0.0000124
0.0000221
0.0000765
-0.0000061
-0.0001095
-0.0001143
-0.0000816
-0.0001538
-0.0001182
-0.0001456
-0.0001341
-0.0001582
-0.0001335
-0.0000936
-0.0001315
-0.0001638
-0.0001645
-0.0001799
-0.0001955
-0.0002183
-0.0002190
-0.0001589
-0.0001374
-0.0001095
-0.0001234
-0.0000919
-0.0000679
-0.0000648
-0.0000132
0.0000330
0.0000216
0.0000237
0.0000706
0.0001184
0.0000780
0.0000335
0.0000212
-0.0000043
-0.0000464
-0.0000453
-0.0000392
-0.0000680
-0.0000832
-0.0000854
-0.0001363
-0.0001503
-0.0001882
-0.0001717
-0.0001765
-0.0001385
-0.0001548
-0.0001506
-0.0001061
-0.0000870
-0.0000466
-0.0000164
0.0000211
0.0000678
0.0001730
0.0001825
0.0001636
0.0001253
0.0000932
0.0000679
0.0000729
0.0000492
0.0000140
0.0000277
0.0000350
0.0000138
-0.0000180
-0.0000412
-0.0000354
-0.0000248
0.0000058
0.0000444
0.0000380
0.0000158
0.0000322
0.0000552
0.0001086
0.0000702
0.0000336
0.0001032
0.0000602
0.0000388
-0.0000371
-0.0001201
-0.0001643
-0.0001529
-0.0000976
-0.0000466
0.0000126
0.0000975
0.0001498
0.0001667
0.0001391
0.0001198
0.0001496
0.0000983
0.0000762
0.0000382
0.0000191
-0.0000124
-0.0000665
-0.0000716
-0.0000597
-0.0000478
-0.0000748
-0.0000441
-0.0000755
-0.0001236
-0.0001366
-0.0001022
-0.0001236
-0.0000606
-0.0001018
-0.0001768
-0.0002251
-0.0002452
-0.0001533
-0.0001297
-0.0000728
-0.0000475
-0.0000066
0.0000739
0.0000332
0.0000551
0.0000582
0.0000757
0.0000387
0.0000259
0.0000277
0.0000459
0.0000467
0.0000642
0.0000730
0.0000637
0.0000065
-0.0000403
-0.0000765
-0.0000640
-0.0000698
-0.0000660
-0.0000248
0.0000160
0.0000583
0.0001023
0.0000526
0.0000577
-0.0000332
-0.0000730
-0.0000824
-0.0000576
-0.0001213
-0.0001595
-0.0001759
-0.0001118
-0.0000257
0.0000705
0.0001483
0.0001160
0.0001279
0.0001364
0.0001124
0.0000719
0.0000218
0.0000065
-0.0000526
-0.0001067
-0.0001196
-0.0001337
-0.0001232
-0.0001464
-0.0001460
-0.0001285
-0.0001752
-0.0002147
-0.0002327
-0.0001977
-0.0002186
-0.0001541
-0.0000882
-0.0000641
-0.0000165
0.0000405
0.0001082
0.0001649
0.0002126
0.0002357
0.0002321
0.0001781
0.0001784
0.0001362
0.0001000
0.0000724
0.0000430
-0.0000277
0.0000033
0.0000315
0.0000858
0.0001190
0.0000868
0.0000882
0.0000773
0.0000668
0.0000796
0.0000813
0.0000885
0.0000984
0.0001013
0.0000879
0.0001391
0.0001535
0.0001517
0.0001728
0.0001911
0.0001380
0.0000595
0.0000504
0.0000443
-0.0000003
-0.0000170
-0.0000518
-0.0000397
-0.0000353
0.0000211
0.0000587
0.0000142
-0.0000207
-0.0000447
-0.0000090
-0.0000455
-0.0001094
-0.0001468
-0.0001375
-0.0000890
-0.0000555
-0.0000668
-0.0000594
-0.0000366
-0.0000514
-0.0000385
-0.0000986
-0.0001107
-0.0000746
-0.0000589
-0.0000322
-0.0000222
-0.0000048
-0.0000059
0.0000196
0.0000795
0.0000655
0.0001006
0.0000831
0.0000493
0.0000272
-0.0000267
-0.0000239
0.0000432
0.0000677
0.0000582
0.0000582
0.0000785
0.0000226
0.0000586
0.0000988
0.0001314
0.0001067
0.0001451
0.0001591
0.0001605
0.0001159
0.0001164
0.0001053
0.0000962
0.0000689
-0.0000060
-0.0000416
-0.0000724
-0.0001219
-0.0001144
-0.0001443
-0.0001551
-0.0001383
-0.0000953
-0.0001195
-0.0001236
-0.0001315
-0.0001416
-0.0001668
-0.0001852
-0.0002015
-0.0002090
-0.0001768
-0.0001472
-0.0001787
-0.0001206
-0.0001679
-0.0001076
-0.0001235
-0.0000917
-0.0000347
-0.0000101
0.0000396
0.0000606
0.0000882
0.0000816
0.0000944
0.0000823
0.0001086
0.0001203
0.0001154
0.0000568
0.0000149
0.0000175
0.0000376
0.0001126
0.0001248
0.0001045
0.0000886
0.0000899
0.0000825
0.0000840
0.0001046
0.0000598
0.0000770
0.0000335
0.0000311
-0.0000074
-0.0000188
-0.0000419
-0.0000475
-0.0000520
-0.0000255
-0.0000358
0.0000261
0.0000371
-0.0000071
-0.0000191
-0.0000137
-0.0000043
-0.0000081
-0.0000282
-0.0000148
-0.0000295
-0.0000155
0.0000077
0.0000386
-0.0000063
-0.0000454
-0.0000812
-0.0000541
-0.0000471
-0.0000786
-0.0001231
-0.0001178
-0.0000870
-0.0000888
-0.0000860
-0.0001151
-0.0001189
-0.0001202
-0.0000931
-0.0001260
-0.0001363
-0.0001473
-0.0001284
-0.0001092
-0.0000506
-0.0000606
-0.0000833
-0.0000569
0.0000252
0.0000364
-0.0000107
-0.0000195
0.0000424
0.0001206
0.0001026
0.0000898
0.0000954
0.0001013
0.0001379
0.0001852
0.0002079
0.0001530
0.0001119
0.0000731
0.0000631
0.0000333
0.0000438
0.0000323
0.0000152
0.0000096
0.0000139
0.0000098
-0.0001174
-0.0001786
-0.0001332
-0.0000820
-0.0000760
-0.0000762
-0.0000995
-0.0001494
-0.0001297
-0.0001361
-0.0001998
-0.0001844
-0.0001594
-0.0001150
-0.0001331
-0.0000855
-0.0001027
-0.0000963
-0.0001387
-0.0001324
-0.0001265
-0.0000421
0.0000116
-0.0000193
0.0000225
-0.0000090
-0.0000209
-0.0000218
-0.0000032
0.0000243
0.0000327
0.0000406
0.0000371
-0.0000259
-0.0000175
-0.0000303
-0.0000145
0.0000340
0.0000668
0.0000419
0.0000121
0.0000351
0.0000428
0.0001243
0.0001528
0.0001787
0.0001587
0.0001189
0.0000803
0.0000874
0.0000701
0.0000691
0.0000544
0.0001069
0.0001435
0.0001266
0.0001186
0.0000575
0.0000879
0.0001136
0.0001058
0.0001670
0.0001418
0.0000808
0.0000409
-0.0000117
-0.0000643
-0.0000998
-0.0000991
-0.0001125
-0.0001029
-0.0001231
-0.0000931
-0.0000931
-0.0000397
0.0000276
-0.0000156
0.0000025
0.0000295
-0.0000088
-0.0000068
0.0000032
-0.0000661
-0.0000952
-0.0000859
-0.0001067
-0.0001105
-0.0000911
-0.0001412
-0.0001815
-0.0001745
-0.0001721
-0.0001266
-0.0001499
-0.0001440
-0.0001349
-0.0001058
-0.0000620
-0.0000532
-0.0000081
0.0000125
-0.0000135
-0.0000308
-0.0000691
-0.0000979
-0.0001094
-0.0001463
-0.0002679
-0.0002457
-0.0002280
-0.0001722
-0.0001221
-0.0000435
0.0000408
0.0000344
-0.0000175
-0.0000353
-0.0000713
-0.0000628
-0.0000130
0.0000085
0.0000102
0.0000352
0.0000853
0.0000725
-0.0000094
-0.0000229
-0.0001380
-0.0001766
-0.0001506
-0.0001493
-0.0000940
-0.0000776
-0.0000258
0.0000288
0.0000968
0.0000709
0.0000130
0.0000032
0.0000370
0.0000362
0.0001071
0.0001593
0.0001200
0.0001312
0.0001671
0.0001818
0.0001921
0.0001777
0.0001118
0.0000577
-0.0000065
-0.0000475
-0.0000616
-0.0000733
-0.0000544
-0.0000514
-0.0000665
-0.0000776
-0.0000746
-0.0000490
-0.0000812
-0.0000839
-0.0000751
-0.0000784
-0.0000683
-0.0000706
-0.0000718
0.0000218
0.0000888
0.0000902
0.0001165
0.0000984
0.0000690
0.0000378
-0.0000157
-0.0000257
0.0000021
0.0000134
0.0000044
-0.0001032
-0.0001582
-0.0001543
-0.0001843
-0.0001329
-0.0000276
0.0000146
0.0000637
0.0000178
-0.0000455
-0.0000791
-0.0001098
-0.0000312
-0.0000589
-0.0001024
-0.0000825
-0.0001228
-0.0001041
-0.0000854
-0.0000289
0.0000162
0.0000447
0.0000595
0.0000143
-0.0000342
-0.0000955
-0.0000889
-0.0000847
-0.0000948
-0.0000828
-0.0001103
-0.0001050
-0.0000822
-0.0000552
-0.0000852
-0.0001101
-0.0001470
-0.0001677
-0.0001173
-0.0000908
-0.0000775
-0.0000595
-0.0000664
-0.0000184
0.0000110
0.0000101
-0.0000145
0.0000359
0.0000763
0.0001321
0.0001380
0.0000410
0.0000299
-0.0000082
-0.0000435
-0.0000409
-0.0000147
-0.0000219
0.0000258
0.0000668
0.0000140
-0.0000058
-0.0000414
-0.0000745
-0.0001015
-0.0000530
-0.0000899
-0.0001386
-0.0001382
-0.0001392
-0.0001722
-0.0001484
-0.0001461
-0.0000816
-0.0000211
-0.0000207
-0.0000106
-0.0000066
-0.0000144
0.0000010
-0.0000245
-0.0001008
-0.0001229
-0.0001764
-0.0001340
-0.0000540
-0.0000125
0.0000292
0.0000494
0.0000146
0.0000045
0.0000598
0.0001074
0.0001027
0.0000928
0.0000898
0.0001136
0.0001244
0.0001636
0.0001227
0.0000900
0.0000812
0.0000427
0.0000722
0.0001202
0.0001026
0.0001078
0.0000881
0.0000593
0.0001176
0.0001149
0.0001316
0.0001404
0.0001449
0.0001469
0.0001323
0.0000917
0.0000857
0.0000975
0.0000665
0.0000613
0.0001162
0.0000790
0.0000727
0.0000583
0.0000211
0.0000240
0.0000069
-0.0000092
0.0000224
0.0000140
-0.0000161
-0.0000525
-0.0000887
-0.0000548
-0.0000391
-0.0001100
-0.0001574
-0.0001682
-0.0001827
-0.0001114
-0.0000672
-0.0000502
-0.0000515
0.0000131
-0.0000226
-0.0000584
-0.0001082
-0.0000994
-0.0000724
-0.0000548
-0.0000144
-0.0000295
-0.0000576
-0.0000777
-0.0000709
-0.0000523
-0.0000216
0.0000117
0.0000699
0.0001444
0.0001836
0.0001868
0.0001295
0.0001279
0.0001135
0.0000758
0.0000489
0.0000463
0.0000461
0.0000410
0.0000147
0.0000908
0.0000891
0.0000641
0.0000516
0.0000563
0.0000908
0.0000650
0.0000454
0.0000029
-0.0000808
-0.0000848
-0.0000487
-0.0000408
0.0000281
-0.0000004
0.0000553
0.0001098
0.0001042
0.0000743
0.0000950
0.0000955
0.0001086
0.0001154
0.0000924
0.0000350
0.0000155
-0.0000166
0.0000140
0.0000754
0.0001118
0.0001221
0.0001145
0.0000906
0.0000766
0.0000931
0.0001412
0.0000775
0.0000822
0.0000931
0.0000931
0.0000896
0.0000336
0.0000164
0.0000016
-0.0000100
0.0000191
0.0000092
0.0000200
0.0000680
0.0000373
0.0000095
-0.0000224
-0.0000633
-0.0000753
-0.0000621
-0.0000043
-0.0000392
-0.0000791
-0.0000891
-0.0000801
-0.0000919
-0.0000751
-0.0000757
-0.0000911
-0.0000770
-0.0001198
-0.0001417
-0.0001007
-0.0000536
-0.0000452
-0.0000605
-0.0000825
-0.0001031
-0.0000971
-0.0000809
-0.0000510
-0.0000093
0.0000356
0.0000183
0.0000381
-0.0000175
-0.0000229
-0.0000373
-0.0000581
-0.0000860
-0.0000726
-0.0000750
-0.0000740
-0.0000606
-0.0001041
-0.0000976
-0.0000628
-0.0000282
0.0000528
0.0000303
-0.0000051
-0.0000837
-0.0000761
-0.0000662
-0.0000455
-0.0000051
0.0000578
0.0000973
0.0001081
0.0001305
0.0001181
0.0000891
0.0000476
0.0000947
0.0001445
0.0001967
0.0001656
0.0001263
0.0001111
0.0001255
0.0001306
0.0001466
0.0001105
0.0000823
0.0000439
0.0000381
0.0000148
-0.0000255
0.0000012
-0.0000068
-0.0000034
0.0000225
-0.0000014
-0.0000060
0.0000466
0.0000845
0.0000392
0.0000416
0.0000742
0.0000373
-0.0000824
-0.0001571
-0.0001561
-0.0002012
-0.0001584
-0.0001129
-0.0001133
-0.0000750
-0.0000297
-0.0000006
0.0000173
0.0000249
0.0000149
0.0000405
0.0000878
0.0000661
0.0000132
-0.0000783
-0.0001375
-0.0001593
-0.0001728
-0.0001552
-0.0001134
-0.0000885
-0.0000177
-0.0000508
-0.0000399
-0.0000340
-0.0000941
-0.0001068
-0.0001051
-0.0000652
-0.0000298
0.0000119
0.0000886
0.0001080
0.0001283
0.0000801
0.0000849
0.0000995
0.0001037
0.0000992
0.0001295
0.0001047
0.0001325
0.0001131
0.0001029
0.0000844
0.0000399
0.0000233
0.0000044
-0.0000258
-0.0000253
0.0000102
-0.0000076
-0.0000263
-0.0000786
-0.0000674
-0.0000653
-0.0000410
-0.0000101
-0.0000324
-0.0000030
0.0000500
0.0000332
0.0000060
-0.0000071
-0.0000376
-0.0000343
-0.0000743
-0.0000193
-0.0000155
-0.0000159
-0.0000203
0.0000139
0.0000458
0.0001053
0.0000671
0.0000261
0.0000785
0.0000846
0.0000689
0.0000069
-0.0000271
0.0000092
0.0000957
0.0001464
0.0001732
0.0001900
0.0001450
0.0000952
0.0000811
0.0000635
0.0001020
0.0000624
-0.0000269
-0.0000533
-0.0000828
-0.0000636
-0.0000546
0.0000084
0.0000216
0.0000685
0.0000795
0.0001151
0.0000784
0.0000271
0.0000234
0.0000022
0.0000138
0.0000589
0.0000407
0.0000759
0.0000423
-0.0000070
-0.0000374
-0.0000481
-0.0000564
-0.0001145
-0.0001304
-0.0001785
-0.0002270
-0.0002212
-0.0002038
-0.0001263
-0.0001099
-0.0000933
-0.0000513
-0.0000390
-0.0000188
-0.0000224
0.0000323
0.0000665
0.0000469
0.0000297
0.0000384
0.0000039
-0.0000279
-0.0000558
-0.0000594
-0.0000459
-0.0000586
-0.0001685
-0.0002667
-0.0002993
-0.0002778
-0.0002676
-0.0002466
-0.0002017
-0.0001852
-0.0001044
-0.0000806
-0.0000816
-0.0000559
-0.0000045
-0.0000257
-0.0000919
-0.0000853
-0.0001487
-0.0001489
-0.0001471
-0.0000816
-0.0000207
0.0000584
0.0000912
0.0001125
0.0001242
0.0001021
0.0000659
0.0000649
0.0000717
0.0000700
0.0000818
0.0000543
0.0000061
-0.0000414
-0.0000534
-0.0000917
-0.0001543
-0.0001422
-0.0001104
-0.0000975
-0.0000855
-0.0001274
-0.0000479
-0.0000792
-0.0000292
-0.0000153
-0.0000311
-0.0000005
0.0000148
0.0000887
0.0001272
0.0001643
0.0002096
0.0001880
0.0001650
0.0001345
0.0001423
0.0001396
0.0001368
0.0001175
0.0001118
0.0000646
0.0000640
-0.0000064
-0.0001241
-0.0001452
-0.0001766
-0.0001835
-0.0001611
-0.0001744
-0.0002028
-0.0001159
-0.0000849
-0.0000679
-0.0001110
-0.0001496
-0.0001675
-0.0001980
-0.0002568
-0.0002878
-0.0003103
-0.0003195
-0.0002972
-0.0003407
-0.0003125
-0.0002286
-0.0002197
-0.0001822
-0.0001451
-0.0000260
-0.0000011
0.0000479
-0.0000082
-0.0000572
-0.0001489
-0.0001392
-0.0000980
-0.0000964
-0.0001091
-0.0000704
-0.0000204
0.0000101
0.0000147
0.0000122
0.0000072
0.0000481
0.0000070
-0.0000114
-0.0000941
-0.0001065
-0.0000739
-0.0000461
0.0000043
-0.0000331
-0.0000465
-0.0000779
-0.0001077
-0.0000973
-0.0000768
-0.0000823
-0.0001090
-0.0000949
-0.0001333
-0.0001471
-0.0001417
-0.0001360
-0.0000720
-0.0000534
-0.0000212
-0.0000027
0.0000338
0.0000067
-0.0000218
-0.0000558
-0.0000376
-0.0000496
-0.0000936
-0.0001025
-0.0000911
-0.0001155
-0.0001169
-0.0000712
-0.0000250
-0.0000281
0.0000364
-0.0000156
0.0000029
-0.0000033
0.0000179
0.0000352
0.0000960
0.0001375
0.0001491
0.0001755
0.0001578
0.0001179
0.0000800
0.0000605
0.0000668
0.0000882
0.0000173
0.0000008
0.0000127
0.0000416
-0.0000279
-0.0000976
-0.0001385
-0.0001047
-0.0000951
-0.0000482
-0.0000297
-0.0000284
0.0000062
0.0000432
0.0000240
0.0000665
0.0000688
0.0000008
-0.0000377
-0.0000504
-0.0000934
-0.0001365
-0.0001361
-0.0001135
-0.0001006
-0.0000617
-0.0000123
-0.0000521
-0.0000178
0.0000401
0.0000704
0.0000671
0.0000116
-0.0000433
-0.0000609
-0.0000314
0.0000048
0.0000344
0.0000712
0.0000740
0.0000959
0.0000573
0.0000486
-0.0000133
-0.0000057
0.0000051
0.0000689
0.0001178
0.0001283
0.0001750
0.0001878
0.0001707
0.0001571
0.0001451
0.0001736
0.0001553
0.0000914
0.0000195
-0.0000282
-0.0000105
0.0000156
-0.0000041
-0.0000217
-0.0000784
-0.0001300
-0.0001488
-0.0001378
-0.0000934
-0.0000590
-0.0000688
-0.0001212
-0.0001696
-0.0001895
-0.0001301
-0.0000628
-0.0000449
-0.0000491
0.0000101
0.0000456
0.0000575
0.0000725
0.0000896
0.0000721
0.0000922
0.0000815
0.0000568
0.0000275
-0.0000618
-0.0000595
-0.0000127
0.0000008
-0.0000326
-0.0000490
-0.0000084
-0.0000456
-0.0000918
-0.0001256
-0.0001570
-0.0001539
-0.0002067
-0.0002477
-0.0002724
-0.0001998
-0.0001306
-0.0001359
-0.0001622
-0.0002046
-0.0001780
-0.0002693
-0.0002085
-0.0001890
-0.0001891
-0.0001585
-0.0001019
-0.0000988
-0.0001187
-0.0002100
-0.0001824
-0.0000651
-0.0000431
-0.0000007
0.0000243
0.0000120
-0.0000351
-0.0000229
-0.0000343
0.0000252
0.0000256
0.0000859
0.0001460
0.0000876
0.0000140
-0.0000151
-0.0000581
-0.0000878
-0.0000964
-0.0001440
-0.0001217
-0.0000816
-0.0000812
-0.0000648
-0.0000414
-0.0000494
-0.0000701
-0.0000713
-0.0000730
-0.0000812
-0.0000620
-0.0000747
-0.0000689
-0.0000468
-0.0000828
-0.0000933
-0.0001183
-0.0000934
-0.0000770
-0.0000817
-0.0000802
-0.0000813
-0.0001466
-0.0001836
-0.0001897
-0.0001398
-0.0001382
-0.0001335
-0.0001385
-0.0001138
-0.0001042
-0.0001071
-0.0001022
-0.0000436
-0.0000688
-0.0001117
-0.0001600
-0.0002656
-0.0002848
-0.0003693
-0.0003322
-0.0002607
-0.0002621
-0.0003246
-0.0003381
-0.0003067
-0.0002592
-0.0002098
-0.0001488
-0.0000998
-0.0000784
-0.0000559
-0.0000778
-0.0001289
-0.0001407
-0.0001658
-0.0001519
-0.0001293
-0.0000699
-0.0000232
0.0000144
0.0000500
0.0000239
-0.0000104
0.0000156
0.0000450
0.0000548
0.0000673
0.0000405
0.0000108
-0.0000351
-0.0000715
-0.0001026
-0.0000973
-0.0000863
-0.0000754
-0.0000205
-0.0000030
0.0000751
0.0000673
0.0000485
-0.0000003
-0.0000201
-0.0000158
-0.0000054
0.0000147
0.0000392
0.0000436
0.0000516
0.0000662
0.0000612
0.0000161
-0.0000419
-0.0000953
-0.0001871
-0.0002128
-0.0002452
-0.0002422
-0.0002415
-0.0002284
-0.0002467
-0.0002906
-0.0002715
-0.0002495
-0.0002448
-0.0002506
-0.0002112
-0.0001457
-0.0000902
-0.0000678
0.0000218
0.0000456
-0.0000068
-0.0000120
0.0000094
0.0000459
0.0000865
0.0000711
0.0000941
0.0000843
0.0000638
0.0000243
-0.0000029
-0.0000015
0.0000234
0.0000505
0.0000698
0.0000489
-0.0000159
0.0000106
0.0000609
0.0000732
0.0000391
0.0000262
0.0000390
0.0000082
-0.0000224
-0.0000396
-0.0000630
-0.0000757
-0.0000277
-0.0000065
-0.0000259
-0.0000315
-0.0000485
-0.0000577
-0.0000717
-0.0001101
-0.0001393
-0.0001149
-0.0001074
-0.0001172
-0.0001498
-0.0001545
-0.0001511
-0.0001122
-0.0000812
-0.0000841
-0.0001127
-0.0001394
-0.0001747
-0.0000986
-0.0001174
-0.0001537
-0.0001845
-0.0001626
-0.0001338
-0.0000884
-0.0001219
-0.0000857
-0.0000696
-0.0000386
-0.0000749
-0.0001313
-0.0001553
-0.0001420
-0.0001286
-0.0001100
-0.0001131
-0.0001264
-0.0001495
-0.0001904
-0.0001831
-0.0001624
-0.0001471
-0.0001632
-0.0001400
-0.0001749
-0.0002083
-0.0001920
-0.0002059
-0.0001881
-0.0001631
-0.0001710
-0.0001481
-0.0001080
-0.0001197
-0.0001144
-0.0000521
-0.0001402
-0.0001752
-0.0002033
-0.0001909
-0.0001927
-0.0002405
-0.0002494
-0.0002470
-0.0002058
-0.0001577
-0.0002081
-0.0001748
-0.0001850
-0.0001868
-0.0001608
-0.0001442
-0.0000992
-0.0000269
-0.0000367
-0.0000601
-0.0001228
-0.0001484
-0.0001374
-0.0001165
-0.0000799
-0.0001036
-0.0001397
-0.0001547
-0.0001364
-0.0001529
-0.0000908
-0.0000520
-0.0000225
0.0000412
0.0000409
0.0000698
0.0000702
0.0000930
0.0000503
0.0000066
-0.0000240
-0.0000412
-0.0000710
-0.0001206
-0.0001690
-0.0001585
-0.0001655
-0.0001755
-0.0001771
-0.0002081
-0.0001755
-0.0001763
-0.0001844
-0.0002021
-0.0001614
-0.0002055
-0.0002484
-0.0001971
-0.0002127
-0.0002412
-0.0002259
-0.0002140
-0.0002101
-0.0001362
-0.0000880
-0.0000531
-0.0000398
-0.0000270
-0.0000660
-0.0000982
-0.0001190
-0.0001327
-0.0001230
-0.0001437
-0.0001644
-0.0001782
-0.0001443
-0.0001499
-0.0001311
-0.0001448
-0.0001121
-0.0000359
0.0000023
0.0000145
0.0000215
0.0000165
0.0000209
-0.0000237
-0.0000398
-0.0000553
-0.0000278
-0.0000513
-0.0001108
-0.0001897
-0.0001673
-0.0001152
-0.0000972
-0.0000495
-0.0000355
-0.0000723
-0.0000945
-0.0000731
-0.0000395
-0.0000184
-0.0000228
-0.0000778
-0.0000175
-0.0000128
0.0000203
0.0000268
0.0000282
0.0000835
0.0000966
0.0000967
0.0001349
0.0000812
0.0000164
-0.0000682
-0.0001200
-0.0001458
-0.0001704
-0.0002457
-0.0002481
-0.0002305
-0.0001790
-0.0002381
-0.0002370
-0.0001840
-0.0001308
-0.0000873
-0.0000998
-0.0001566
-0.0001545
-0.0001637
-0.0001885
-0.0001879
-0.0001242
-0.0001263
-0.0001953
-0.0002380
-0.0002693
-0.0002506
-0.0002254
-0.0002505
-0.0003295
-0.0003491
-0.0003200
-0.0003162
-0.0003279
-0.0003519
-0.0003666
-0.0003838
-0.0003569
-0.0002590
-0.0002207
-0.0001934
-0.0001893
-0.0001895
-0.0001499
-0.0001697
-0.0001217
-0.0000523
-0.0000288
-0.0000278
-0.0000553
-0.0000724
-0.0001665
-0.0001635
-0.0002168
-0.0002718
-0.0002633
-0.0002818
-0.0003335
-0.0002983
-0.0001966
-0.0001719
-0.0001950
-0.0002206
-0.0002272
-0.0001906
-0.0002551
-0.0002762
-0.0002628
-0.0002807
-0.0002488
-0.0002163
-0.0001721
-0.0001517
-0.0001267
-0.0000911
-0.0000279
0.0000244
0.0000116
0.0000059
0.0000324
-0.0000029
-0.0000052
0.0000254
0.0000604
0.0000133
-0.0000068
-0.0000600
-0.0000959
-0.0000802
-0.0001082
-0.0001769
-0.0001968
-0.0002205
-0.0002622
-0.0002937
-0.0002802
-0.0002521
-0.0001618
-0.0001349
-0.0001286
-0.0000563
-0.0000184
-0.0000191
-0.0000449
-0.0000913
-0.0000835
-0.0000898
-0.0000414
-0.0000560
-0.0000715
-0.0000793
-0.0000871
-0.0000572
-0.0000181
0.0000275
-0.0000225
0.0000285
0.0000923
0.0001286
0.0000941
0.0000134
-0.0000603
-0.0000838
-0.0001659
-0.0001149
-0.0000729
-0.0001121
-0.0001760
-0.0002544
-0.0002899
-0.0002660
-0.0002318
-0.0001713
-0.0001795
-0.0001833
-0.0002490
-0.0002513
-0.0002489
-0.0002238
-0.0002175
-0.0002334
-0.0002106
-0.0002144
-0.0002299
-0.0002245
-0.0002058
-0.0001586
-0.0001746
-0.0002204
-0.0001588
-0.0000541
-0.0000197
-0.0000557
-0.0000150
-0.0000346
-0.0001167
-0.0001932
-0.0002301
-0.0001648
-0.0001704
-0.0001513
-0.0001140
-0.0001649
-0.0001709
-0.0001323
-0.0001103
-0.0000977
-0.0000967
-0.0000906
-0.0001232
-0.0001323
-0.0001162
-0.0000864
-0.0000952
-0.0000315
0.0000393
0.0000107
-0.0000408
-0.0000879
-0.0001577
-0.0001731
-0.0001889
-0.0002387
-0.0002470
-0.0002195
-0.0002028
-0.0002218
-0.0002269
-0.0001971
-0.0001769
-0.0001672
-0.0001753
-0.0001948
-0.0001740
-0.0001826
-0.0001544
-0.0001488
-0.0001094
-0.0001288
-0.0001256
-0.0001318
-0.0001871
-0.0002585
-0.0002226
-0.0002358
-0.0002448
-0.0002866
-0.0002437
-0.0002114
-0.0001355
-0.0001521
-0.0001533
-0.0001522
-0.0001497
-0.0001205
-0.0000833
-0.0000148
0.0000460
0.0000309
0.0000331
-0.0000402
-0.0000633
-0.0000978
-0.0001342
-0.0001474
-0.0001739
-0.0001428
-0.0001105
-0.0000858
-0.0000991
-0.0000944
-0.0001415
-0.0001461
-0.0001599
-0.0001535
-0.0001121
-0.0001440
-0.0001355
-0.0001806
-0.0002029
-0.0002014
-0.0001938
-0.0002275
-0.0002452
-0.0002313
-0.0002384
-0.0002258
-0.0002137
-0.0001844
-0.0002278
-0.0002085
-0.0002313
-0.0001696
-0.0001801
-0.0001697
-0.0001037
-0.0000997
-0.0000813
-0.0001151
-0.0001951
-0.0002614
-0.0002713
-0.0002156
-0.0001895
-0.0001317
-0.0000561
-0.0000930
-0.0001280
-0.0001094
-0.0000699
-0.0000208
0.0000121
-0.0000355
-0.0000727
-0.0000965
-0.0001197
-0.0001389
-0.0001446
-0.0001583
-0.0001656
-0.0001664
-0.0002177
-0.0002503
-0.0002600
-0.0002564
-0.0002191
-0.0001503
-0.0000923
-0.0001175
-0.0001382
-0.0000375
-0.0000325
-0.0000693
-0.0001268
-0.0001392
-0.0001248
-0.0001088
-0.0001777
-0.0002258
-0.0002114
-0.0001514
-0.0001196
-0.0001566
-0.0001794
-0.0002086
-0.0002445
-0.0002472
-0.0001973
-0.0001756
-0.0001491
-0.0001353
-0.0001162
-0.0001523
-0.0001104
-0.0001095
-0.0001327
-0.0000758
-0.0000734
-0.0000568
-0.0001173
-0.0001094
-0.0001780
-0.0001983
-0.0002345
-0.0003183
-0.0003139
-0.0002913
-0.0002105
-0.0002121
-0.0002076
-0.0002340
-0.0002330
-0.0002577
-0.0002278
-0.0001845
-0.0001368
-0.0000794
-0.0000101
-0.0000157
-0.0000838
-0.0001290
-0.0001480
-0.0002205
-0.0002073
-0.0001992
-0.0001723
-0.0001611
-0.0001191
-0.0001124
-0.0001268
-0.0000945
-0.0001130
-0.0002115
-0.0002920
-0.0002664
-0.0002194
-0.0002045
-0.0001885
-0.0001529
-0.0000987
-0.0000898
-0.0001354
-0.0001502
-0.0001731
-0.0001987
-0.0002148
-0.0001684
-0.0001638
-0.0001639
-0.0001756
-0.0001355
-0.0001131
-0.0000686
-0.0000338
-0.0000532
-0.0000386
-0.0000331
-0.0000596
-0.0000538
-0.0000763
-0.0001793
-0.0002040
-0.0001721
-0.0001118
-0.0000944
-0.0001086
-0.0001449
-0.0002294
-0.0002837
-0.0002626
-0.0002324
-0.0002516
-0.0002344
-0.0002377
-0.0001676
-0.0001032
-0.0000956
-0.0000813
-0.0000560
-0.0000107
-0.0000434
-0.0000827
-0.0001097
-0.0001341
-0.0001096
-0.0000991
-0.0001037
-0.0001153
-0.0001228
-0.0001066
-0.0000411
-0.0000111
0.0000040
0.0000305
0.0000208
-0.0000193
-0.0000937
-0.0001323
-0.0001722
-0.0002077
-0.0002706
-0.0002944
-0.0003026
-0.0002556
-0.0002036
-0.0001675
-0.0001779
-0.0002110
-0.0002229
-0.0001618
-0.0000893
-0.0000822
-0.0000179
0.0000000
-0.0000567
-0.0001596
-0.0001893
-0.0001891
-0.0002163
-0.0001632
-0.0000909
-0.0000775
-0.0001021
-0.0001464
-0.0001302
-0.0001500
-0.0000975
-0.0000922
-0.0001261
-0.0001372
-0.0001539
-0.0001379
-0.0001016
-0.0000703
-0.0001108
-0.0001250
-0.0001308
-0.0001490
-0.0000920
-0.0001290
-0.0001369
-0.0001693
-0.0002226
-0.0002533
-0.0002936
-0.0002360
-0.0002402
-0.0002292
-0.0002125
-0.0002090
-0.0001900
-0.0001533
-0.0001406
-0.0001431
-0.0001579
-0.0001788
-0.0002057
-0.0001413
-0.0001698
-0.0001565
-0.0001195
-0.0000962
-0.0000765
-0.0000937
-0.0001149
-0.0000681
-0.0000363
-0.0000949
-0.0000978
-0.0001436
-0.0001659
-0.0001097
-0.0000742
-0.0000330
-0.0001007
-0.0000231
0.0000268
-0.0000348
-0.0000629
-0.0000670
-0.0000682
-0.0000651
-0.0000768
-0.0000403
-0.0000268
0.0000287
0.0000753
0.0000910
0.0000754
0.0000692
-0.0000140
-0.0000129
0.0000395
0.0000106
-0.0000239
-0.0000181
0.0000010
0.0000167
0.0000354
0.0000772
0.0000903
0.0000557
-0.0000270
-0.0000357
-0.0000626
-0.0000684
-0.0001032
-0.0001214
-0.0001046
-0.0000059
0.0000006
-0.0000487
-0.0001251
-0.0001510
-0.0001657
-0.0001513
-0.0000830
-0.0000450
0.0000000
0.0000602
0.0000601
0.0000440
0.0000230
-0.0000117
-0.0000479
0.0000111
0.0000201
-0.0000182
-0.0000111
-0.0000436
-0.0000829
-0.0001142
-0.0001459
-0.0001658
-0.0001427
-0.0001547
-0.0000624
-0.0000881
-0.0001112
-0.0000775
-0.0000899
-0.0001129
-0.0000887
-0.0000677
-0.0001376
-0.0001719
-0.0001383
-0.0000656
0.0000286
0.0000312
-0.0000005
0.0000088
0.0000422
0.0000833
0.0000916
0.0000721
0.0000713
0.0000260
0.0000545
-0.0000022
-0.0000160
-0.0000470
0.0000102
0.0000159
-0.0000101
0.0000084
0.0000519
0.0000988
0.0000838
0.0000762
0.0001052
0.0000953
0.0000281
-0.0000225
-0.0000492
-0.0000769
-0.0000861
-0.0000288
-0.0000449
-0.0000136
0.0000383
0.0000618
0.0000803
0.0001461
0.0001490
0.0001376
0.0000845
0.0000228
0.0000020
-0.0000872
-0.0001533
-0.0001239
-0.0000377
-0.0000174
0.0000005
0.0000168
0.0000559
0.0000761
0.0000999
0.0000580
-0.0000128
-0.0000713
-0.0001508
-0.0002125
-0.0002633
-0.0002830
-0.0002827
-0.0002687
-0.0002685
-0.0002979
-0.0002560
-0.0002140
-0.0002075
-0.0001773
-0.0001106
-0.0001490
-0.0001853
-0.0001890
-0.0001775
-0.0001403
-0.0001103
-0.0000719
-0.0000470
-0.0000697
-0.0000618
-0.0000419
-0.0000888
-0.0001155
-0.0000819
-0.0001159
-0.0001253
-0.0001036
-0.0001285
-0.0001190
-0.0001361
-0.0001208
-0.0002247
-0.0002192
-0.0001743
-0.0002154
-0.0001901
-0.0001404
-0.0001088
-0.0000786
-0.0000142
-0.0000590
-0.0000995
-0.0000708
-0.0000637
-0.0000685
-0.0001331
-0.0001745
-0.0001610
-0.0001123
-0.0001142
-0.0001155
-0.0001524
-0.0001500
-0.0001601
-0.0002296
-0.0002721
-0.0002962
-0.0002405
-0.0001901
-0.0001106
-0.0000806
-0.0000587
-0.0000189
-0.0000102
-0.0000678
-0.0000985
-0.0001031
-0.0000816
-0.0000498
-0.0000542
-0.0001066
-0.0001419
-0.0001344
-0.0001096
-0.0001336
-0.0001894
-0.0002019
-0.0001551
-0.0001052
-0.0000766
-0.0000304
0.0000038
-0.0000083
-0.0000179
-0.0000162
0.0000141
0.0000457
0.0000431
0.0000220
-0.0000203
0.0000021
0.0000096
-0.0000100
-0.0000213
0.0000263
0.0000218
0.0000328
0.0000184
0.0000276
-0.0000337
-0.0000752
-0.0000262
-0.0000297
-0.0000516
-0.0000576
-0.0001342
-0.0001297
-0.0001119
-0.0000982
-0.0001157
-0.0001636
-0.0001663
-0.0002052
-0.0001993
-0.0001870
-0.0001998
-0.0002466
-0.0002482
-0.0002477
-0.0002848
-0.0002332
-0.0001510
-0.0001357
-0.0001071
-0.0000461
0.0000061
0.0000582
0.0000594
0.0000802
0.0000472
-0.0000142
-0.0000860
-0.0001357
-0.0001689
-0.0001926
-0.0002408
-0.0002182
-0.0001961
-0.0001687
-0.0001427
-0.0001362
-0.0001442
-0.0001486
-0.0001165
-0.0001177
-0.0001342
-0.0001551
-0.0001340
-0.0001405
-0.0001543
-0.0001576
-0.0001754
-0.0001906
-0.0002207
-0.0001757
-0.0001270
-0.0001246
-0.0001460
-0.0001203
-0.0001291
-0.0001305
-0.0001013
-0.0001756
-0.0001919
-0.0001967
-0.0002056
-0.0002273
-0.0002053
-0.0001775
-0.0001711
-0.0001591
-0.0001753
-0.0001602
-0.0001348
-0.0000875
-0.0000215
0.0000342
0.0000147
0.0000127
0.0000139
0.0000112
0.0000485
0.0000674
0.0000627
0.0000814
0.0000676
0.0000681
0.0000141
-0.0000117
-0.0000153
-0.0000213
-0.0000439
-0.0000267
-0.0000665
-0.0000530
-0.0000297
-0.0000803
-0.0001711
-0.0002138
-0.0002087
-0.0002530
-0.0002577
-0.0002861
-0.0002511
-0.0002155
-0.0001969
-0.0002037
-0.0002000
-0.0001938
-0.0002051
-0.0001830
-0.0001757
-0.0001805
-0.0001811
-0.0001318
-0.0001094
-0.0000512
-0.0000361
-0.0000196
-0.0000014
0.0000341
0.0000661
0.0000415
-0.0000053
-0.0000120
-0.0000006
0.0000270
0.0000308
0.0000526
0.0000287
0.0000755
0.0000002
-0.0000395
-0.0000420
-0.0000289
0.0000199
0.0000491
0.0000703
0.0001029
0.0000791
0.0000524
0.0000623
0.0000364
0.0000146
-0.0000091
-0.0000699
-0.0001229
-0.0001184
-0.0001105
-0.0000963
-0.0000508
-0.0001119
-0.0001066
-0.0001114
-0.0000709
-0.0000106
-0.0000250
-0.0000088
0.0000104
-0.0000274
0.0000001
-0.0000423
-0.0000433
0.0000165
0.0000340
0.0000628
0.0000085
-0.0000337
-0.0000642
-0.0000823
-0.0001242
-0.0001401
-0.0001563
-0.0000823
-0.0000747
-0.0000360
-0.0000641
-0.0000392
-0.0000079
0.0000073
-0.0000058
-0.0000618
-0.0000512
-0.0000721
-0.0000532
-0.0000273
-0.0000264
-0.0000520
-0.0000139
-0.0000295
-0.0000089
-0.0000744
-0.0000611
-0.0000849
-0.0000551
-0.0000439
-0.0000345
-0.0000473
-0.0000807
-0.0000516
0.0000186
0.0000097
0.0001331
0.0001432
0.0000701
0.0000431
0.0000603
0.0001078
0.0000931
0.0001144
0.0001306
0.0001109
0.0000759
0.0000543
0.0000421
0.0000327
0.0000581
0.0000139
0.0000037
0.0000374
0.0000667
0.0000267
-0.0000455
-0.0000101
0.0000460
0.0000326
0.0000658
0.0000671
-0.0000244
-0.0000681
-0.0000861
-0.0001106
-0.0001134
-0.0000884
-0.0001240
-0.0001764
-0.0001421
-0.0001556
-0.0001730
-0.0001154
-0.0001010
-0.0001111
-0.0002045
-0.0002721
-0.0002741
-0.0001865
-0.0001241
-0.0000917
-0.0001073
-0.0001464
-0.0001070
-0.0001204
-0.0001430
-0.0001655
-0.0001948
-0.0001676
-0.0001355
-0.0000889
-0.0000772
-0.0000790
-0.0000846
-0.0001083
-0.0001214
-0.0001068
-0.0000640
-0.0000257
-0.0000068
0.0000167
0.0000264
-0.0000066
0.0000034
0.0000087
0.0000468
0.0000825
0.0000838
0.0000446
0.0000182
0.0000507
0.0000454
0.0000619
0.0001355
0.0001205
0.0001693
0.0001693
0.0001189
0.0001142
0.0000934
0.0001216
0.0001114
0.0001129
0.0001037
0.0001152
0.0001111
0.0001209
0.0000907
0.0000532
0.0000118
0.0000566
0.0000712
0.0000654
0.0000698
-0.0000180
-0.0000480
-0.0001428
-0.0001508
-0.0001470
-0.0001279
-0.0000784
-0.0000033
-0.0000368
-0.0000414
-0.0000660
-0.0000277
-0.0000344
-0.0000287
0.0000342
0.0000072
0.0000114
0.0000099
0.0000001
0.0000276
0.0000130
-0.0000192
-0.0001194
-0.0001784
-0.0001694
-0.0001675
-0.0001479
-0.0001521
-0.0001388
-0.0000639
-0.0000635
-0.0000802
-0.0000864
-0.0001063
-0.0001280
-0.0001484
-0.0000984
-0.0000572
-0.0000216
-0.0000189
-0.0000463
-0.0000238
-0.0000371
-0.0000348
-0.0001023
-0.0001040
-0.0000980
-0.0000907
-0.0000844
-0.0001307
-0.0000792
-0.0000974
-0.0000990
-0.0000799
-0.0001234
-0.0001017
-0.0001121
-0.0001507
-0.0001317
-0.0001082
-0.0000347
-0.0000097
-0.0000116
-0.0000744
-0.0001606
-0.0001861
-0.0001904
-0.0001485
-0.0001301
-0.0001744
-0.0002203
-0.0002053
-0.0002033
-0.0001672
-0.0001284
-0.0000737
-0.0000467
-0.0000639
-0.0000687
-0.0000720
-0.0001073
-0.0001025
-0.0000400
0.0000194
0.0001420
0.0002352
0.0002484
0.0001656
0.0000942
0.0000055
0.0000304
0.0000363
0.0000121
0.0000133
-0.0000333
-0.0000562
0.0000269
0.0000734
0.0000479
0.0000232
0.0000107
-0.0000016
0.0000314
0.0000448
0.0000123
0.0000094
0.0000529
0.0000248
-0.0000224
-0.0000416
-0.0000930
-0.0000900
-0.0001513
-0.0001918
-0.0002262
-0.0001941
-0.0001765
-0.0001004
-0.0001119
-0.0001549
-0.0001304
-0.0001381
-0.0001697
-0.0002166
-0.0001483
-0.0001429
-0.0001343
-0.0001481
-0.0001453
-0.0001216
-0.0001242
-0.0000796
-0.0000400
-0.0000536
-0.0000751
-0.0000045
0.0000815
0.0000870
0.0000873
0.0001018
0.0000440
0.0000031
-0.0000370
-0.0001214
-0.0002060
-0.0002003
-0.0002001
-0.0002150
-0.0001867
-0.0001708
-0.0001522
-0.0001266
-0.0000965
-0.0000310
-0.0000419
-0.0000291
-0.0000554
-0.0000467
-0.0000676
-0.0000988
-0.0000829
-0.0001125
-0.0000885
-0.0000463
-0.0000903
-0.0000893
-0.0001137
-0.0000467
0.0000070
0.0000031
-0.0000344
-0.0000813
-0.0000690
-0.0000615
-0.0000397
-0.0000029
0.0000256
0.0000963
0.0000878
0.0000657
0.0000054
0.0000291
0.0000478
0.0000112
-0.0000278
-0.0000053
-0.0000053
-0.0000124
-0.0000355
-0.0000369
-0.0000038
0.0000562
0.0000583
0.0000112
0.0000097
0.0000115
0.0000805
0.0000964
0.0001486
0.0001274
0.0000677
0.0000390
0.0000345
0.0001050
0.0001222
0.0001015
0.0000715
0.0000547
0.0000543
0.0000500
0.0001120
0.0001426
0.0000645
0.0000536
0.0000139
-0.0000245
-0.0000784
-0.0001354
-0.0000756
-0.0000733
-0.0000912
-0.0001065
-0.0001027
-0.0000703
-0.0000249
-0.0000406
-0.0000052
0.0000076
0.0000740
0.0001028
0.0000356
0.0000518
0.0000819
0.0000911
0.0000749
0.0000582
0.0000841
0.0001361
0.0001213
0.0000580
0.0000199
0.0000044
0.0000324
0.0000359
0.0000102
-0.0000008
0.0000013
-0.0000256
-0.0000127
-0.0000126
0.0000420
0.0000658
0.0000810
0.0001287
0.0001639
0.0001495
0.0001152
0.0001123
0.0000779
0.0001040
0.0001123
0.0001470
0.0001398
0.0000857
0.0000979
0.0000629
0.0000158
-0.0000090
-0.0000543
-0.0000655
-0.0000585
-0.0000740
-0.0000317
0.0000073
0.0000238
0.0000347
0.0000214
0.0000276
0.0000022
-0.0000010
0.0000708
0.0000580
0.0001013
0.0000942
0.0000669
0.0000252
-0.0000417
-0.0001187
-0.0001213
-0.0001178
-0.0000786
-0.0000028
-0.0000017
-0.0000074
-0.0000329
-0.0000150
0.0000372
0.0000537
0.0000560
0.0000678
0.0000165
0.0000648
0.0001042
0.0001054
0.0000700
0.0000568
0.0000341
0.0000267
0.0000687
0.0000865
0.0000755
0.0000897
0.0000533
0.0000475
-0.0000178
-0.0000276
-0.0000382
0.0000058
0.0000195
0.0000385
0.0000108
0.0000059
0.0000084
-0.0000058
-0.0000563
-0.0000634
-0.0000305
-0.0000637
-0.0000508
-0.0000178
0.0000443
0.0000767
0.0001143
0.0001521
0.0001881
0.0001864
0.0001429
0.0001085
0.0000419
0.0000017
0.0000021
-0.0000361
-0.0000175
-0.0000475
-0.0000153
-0.0000270
-0.0000697
-0.0000579
-0.0000585
-0.0000399
-0.0000134
-0.0000466
-0.0000792
-0.0000877
-0.0000648
-0.0000058
0.0000321
0.0000584
0.0000115
0.0000123
0.0000051
0.0000034
-0.0000339
-0.0000022
0.0000060
-0.0000278
-0.0000078
0.0000236
0.0000471
0.0000391
0.0000892
0.0001086
0.0000785
0.0000887
0.0001212
0.0000847
0.0000435
0.0000618
0.0000081
-0.0000041
-0.0000097
-0.0000431
-0.0000362
-0.0000418
-0.0001105
-0.0000929
-0.0000821
0.0000237
0.0000755
0.0001894
0.0001267
0.0000464
0.0000091
-0.0000215
-0.0000380
-0.0000927
-0.0000719
-0.0000877
-0.0001218
-0.0001134
-0.0001165
-0.0001039
-0.0001162
-0.0001140
-0.0000467
0.0000527
0.0000891
0.0000965
0.0000905
0.0000505
-0.0000019
-0.0000190
-0.0000415
-0.0000665
-0.0000922
-0.0000772
-0.0001045
-0.0001161
-0.0000866
-0.0000792
-0.0000719
-0.0000928
-0.0000845
-0.0000676
-0.0000793
-0.0000394
-0.0000285
-0.0000624
-0.0001170
-0.0000942
-0.0001263
-0.0000999
-0.0000616
-0.0000407
-0.0000512
-0.0000726
-0.0000660
-0.0000810
-0.0000812
-0.0000699
-0.0000897
-0.0001488
-0.0001900
-0.0002296
-0.0001869
-0.0001830
-0.0001978
-0.0001990
-0.0002759
-0.0002654
-0.0002578
-0.0002101
-0.0002128
-0.0001546
-0.0001157
-0.0001117
-0.0001276
-0.0001476
-0.0001475
-0.0001462
-0.0000929
-0.0000894
-0.0000497
-0.0000670
-0.0000751
-0.0001047
-0.0000509
-0.0000578
-0.0001004
-0.0001305
-0.0001418
-0.0001263
-0.0001540
-0.0001801
-0.0001516
-0.0001252
-0.0001431
-0.0001523
-0.0001237
-0.0000438
-0.0000049
0.0000035
-0.0000279
-0.0000438
-0.0000222
-0.0000635
-0.0000268
-0.0000048
-0.0000394
-0.0000553
-0.0000146
-0.0000034
0.0000243
0.0000177
0.0000457
-0.0000273
0.0000105
0.0000367
-0.0000043
-0.0000087
0.0000577
0.0000797
0.0000484
-0.0000141
-0.0000885
-0.0000948
-0.0000711
-0.0000643
-0.0000853
-0.0001565
-0.0002584
-0.0002806
-0.0002813
-0.0002247
-0.0002092
-0.0002025
-0.0001129
-0.0000882
-0.0000445
-0.0000374
-0.0000467
-0.0000325
-0.0000438
-0.0000750
-0.0000608
-0.0000986
-0.0001030
-0.0000965
-0.0000550
-0.0000557
-0.0000306
-0.0000853
-0.0001362
-0.0001564
-0.0001751
-0.0001997
-0.0001964
-0.0002424
-0.0002121
-0.0001244
-0.0000573
-0.0000189
-0.0000015
0.0000096
-0.0000654
-0.0000627
-0.0000910
-0.0001371
-0.0000811
-0.0000682
-0.0000905
-0.0000989
-0.0001297
-0.0001230
-0.0001392
-0.0000712
-0.0000599
-0.0001013
-0.0001476
-0.0001343
-0.0000814
-0.0000300
0.0000275
0.0000301
-0.0000243
-0.0000174
-0.0000444
-0.0000689
-0.0000564
-0.0000239
-0.0000043
0.0000382
0.0000900
0.0000837
0.0000965
0.0000572
-0.0000389
-0.0000997
-0.0001294
-0.0001396
-0.0001468
-0.0001072
-0.0000580
0.0000411
0.0001057
0.0000982
0.0000789
0.0001137
0.0001533
0.0002143
0.0002088
0.0002467
0.0002493
0.0002773
0.0003657
0.0003893
0.0003762
0.0003361
0.0003057
0.0002668
0.0002673
0.0002496
0.0002414
0.0002380
0.0002030
0.0002249
0.0001958
0.0001249
0.0001255
0.0001165
0.0001313
0.0001667
0.0001530
0.0001759
0.0001676
0.0001429
0.0001218
0.0001153
0.0001013
0.0000975
0.0000699
0.0001151
0.0001465
0.0000706
0.0000675
0.0000217
-0.0000165
-0.0000597
-0.0000720
-0.0000406
-0.0000002
-0.0000266
-0.0001046
-0.0001310
-0.0001061
-0.0000745
-0.0000589
-0.0000047
-0.0000131
-0.0000233
-0.0000584
-0.0001142
-0.0001423
-0.0000945
-0.0000478
0.0000077
-0.0000041
0.0000613
0.0001316
0.0001421
0.0001569
0.0001789
0.0001845
0.0001666
0.0001135
0.0000820
0.0000961
0.0001240
0.0001772
0.0001417
0.0001296
0.0001420
0.0000547
0.0000318
0.0000213
0.0000206
0.0000869
0.0001002
0.0000295
-0.0000106
-0.0000613
-0.0000833
-0.0000711
-0.0000532
-0.0000387
-0.0000225
-0.0000261
0.0000132
0.0000607
0.0000153
-0.0000413
-0.0000609
-0.0001212
-0.0001053
-0.0000019
0.0000235
0.0000269
0.0000470
0.0000605
0.0000570
0.0000952
0.0001117
0.0000641
0.0000345
0.0000409
0.0000779
0.0000304
-0.0000076
0.0000110
-0.0000177
0.0000064
-0.0000054
-0.0000112
-0.0000333
0.0000103
0.0000231
0.0000585
0.0000821
0.0001169
0.0000792
0.0001626
0.0002249
0.0002495
0.0001844
0.0001575
0.0001386
0.0001927
0.0001868
0.0001465
0.0001503
0.0000968
0.0001172
0.0001322
0.0000918
0.0000345
0.0000276
0.0000541
0.0000320
-0.0000184
0.0000030
-0.0000006
-0.0000308
-0.0000064
-0.0000331
-0.0000419
0.0000040
0.0000177
0.0000340
-0.0000029
0.0000236
0.0000146
0.0000295
0.0000042
0.0000034
-0.0000105
-0.0000870
-0.0001371
-0.0001452
-0.0001512
-0.0001539
-0.0001614
-0.0001432
-0.0001118
-0.0001069
-0.0000879
-0.0001291
-0.0000791
-0.0000454
-0.0000057
0.0000008
0.0000373
0.0000682
0.0000749
0.0001371
0.0001248
0.0001384
0.0001082
0.0001157
0.0000932
0.0001286
0.0001103
0.0000385
0.0000430
0.0000514
-0.0000033
-0.0000659
-0.0000903
-0.0000803
-0.0000878
-0.0000951
-0.0000542
-0.0000419
-0.0000195
-0.0000156
0.0000124
0.0000096
-0.0000243
-0.0000129
-0.0000034
-0.0000706
-0.0000827
-0.0000831
-0.0000652
-0.0000561
-0.0000463
-0.0000432
-0.0000365
-0.0000651
-0.0000827
-0.0001086
-0.0001397
-0.0001243
-0.0001306
-0.0000693
0.0000325
0.0001006
0.0001270
0.0001505
0.0001556
0.0002084
0.0001629
0.0001337
0.0000546
0.0000122
-0.0000620
-0.0000918
-0.0000612
-0.0001319
-0.0001293
-0.0001060
-0.0000963
-0.0000623
-0.0000281
0.0000140
0.0000118
-0.0000084
-0.0000661
-0.0001422
-0.0001163
-0.0000915
-0.0000808
-0.0000939
-0.0001222
-0.0001269
-0.0001180
-0.0000988
-0.0000591
-0.0000767
-0.0000630
-0.0000620
-0.0000671
-0.0000600
-0.0000122
0.0000643
0.0001495
0.0001948
0.0001576
0.0000924
0.0000666
0.0000403
0.0000270
0.0000025
-0.0000205
-0.0000405
0.0000172
0.0000624
0.0000211
0.0000258
0.0000390
0.0000145
0.0000261
0.0000311
-0.0000098
0.0000208
0.0000229
0.0000597
0.0000423
0.0000658
0.0000585
0.0000781
0.0000817
0.0000865
0.0000766
0.0000980
0.0000719
0.0000472
0.0000173
-0.0000071
0.0000273
0.0000228
0.0000166
-0.0000301
-0.0001011
-0.0000498
0.0000193
0.0000735
0.0001088
0.0001206
0.0001296
0.0001198
0.0001208
0.0001332
0.0000888
0.0000919
0.0000875
0.0000457
0.0000206
0.0000066
0.0000727
0.0000804
0.0001050
0.0001067
0.0001085
0.0000659
0.0000478
0.0000547
0.0000974
0.0001216
0.0001412
0.0001716
0.0001827
0.0001247
0.0000488
0.0000033
0.0000423
0.0000621
0.0000284
0.0000196
-0.0000374
-0.0000698
-0.0000837
-0.0000853
-0.0000905
-0.0000943
-0.0000020
0.0000236
0.0000747
0.0001171
0.0001738
0.0001727
0.0002135
0.0002218
0.0002069
0.0001752
0.0001274
0.0001117
0.0000808
0.0001072
0.0000499
0.0000268
0.0000149
0.0000738
0.0001105
0.0000631
0.0000526
0.0000737
0.0000710
0.0000552
0.0000779
0.0000571
0.0000662
0.0000896
0.0001322
0.0001308
0.0000993
0.0000923
0.0001173
0.0001172
0.0000981
0.0000750
0.0000307
-0.0000133
-0.0000481
-0.0000521
0.0000056
0.0000413
0.0000873
0.0001115
0.0001234
0.0000672
0.0000262
0.0000182
0.0000180
0.0000780
0.0000313
0.0000310
-0.0000038
-0.0000017
0.0000823
0.0001083
0.0001420
0.0000987
0.0000851
0.0001197
0.0001660
0.0001375
0.0001243
0.0000677
0.0000473
-0.0000331
-0.0000908
-0.0001525
-0.0001440
-0.0001442
-0.0001457
-0.0000982
-0.0000298
0.0000272
0.0000179
0.0000747
0.0001002
0.0001061
0.0001352
0.0001755
0.0001912
0.0002364
0.0001785
0.0001389
0.0001479
0.0001713
0.0001955
0.0002416
0.0002572
0.0002370
0.0001840
0.0001253
0.0000980
0.0000186
-0.0000294
-0.0000239
0.0000401
0.0000403
-0.0000030
0.0000116
0.0000261
-0.0000366
-0.0000147
0.0000518
0.0000942
0.0000666
0.0000425
0.0000223
-0.0000075
-0.0000088
-0.0000282
-0.0000528
-0.0000536
-0.0000498
-0.0000238
0.0000504
0.0000808
0.0001277
0.0001807
0.0002114
0.0001741
0.0002185
0.0002756
0.0002615
0.0001882
0.0001871
0.0001551
0.0001627
0.0001564
0.0001400
0.0001215
0.0000781
0.0000911
0.0000679
0.0000350
0.0000400
0.0000463
-0.0000303
-0.0000366
-0.0000785
-0.0001093
-0.0001357
-0.0001631
-0.0001574
-0.0001257
-0.0001060
-0.0000795
-0.0000324
-0.0000279
-0.0000460
-0.0000658
-0.0000367
-0.0000408
-0.0000820
-0.0001527
-0.0002006
-0.0002190
-0.0001590
-0.0001033
-0.0000775
-0.0001079
-0.0001258
-0.0001506
-0.0001901
-0.0001495
-0.0001002
-0.0001336
-0.0001547
-0.0001354
-0.0001127
-0.0000701
-0.0000373
0.0000359
0.0000566
0.0000839
0.0000860
0.0001302
0.0001664
0.0001744
0.0000919
0.0000564
0.0000199
-0.0000307
-0.0000691
-0.0000876
-0.0000330
-0.0000105
-0.0000153
-0.0000535
-0.0001021
-0.0001203
-0.0000832
-0.0000971
-0.0001081
-0.0001317
-0.0001298
-0.0001231
-0.0001111
-0.0000697
-0.0000501
-0.0001255
-0.0001590
-0.0001642
-0.0001388
-0.0001698
-0.0001757
-0.0001233
-0.0000724
-0.0000463
0.0000186
0.0000537
0.0000798
0.0001017
0.0001191
0.0001045
0.0001004
0.0000703
0.0001071
0.0001453
0.0001937
0.0001985
0.0001146
0.0000553
0.0000646
0.0000261
-0.0000043
-0.0000028
0.0000252
0.0000347
0.0000381
0.0000374
-0.0000046
-0.0000252
-0.0000311
-0.0000782
-0.0001207
-0.0001558
-0.0001593
-0.0001076
-0.0001438
-0.0001175
-0.0000433
-0.0000267
0.0000278
0.0000972
0.0001000
0.0000934
0.0000869
0.0001887
0.0002252
0.0002211
0.0001680
0.0000735
0.0000332
0.0000168
0.0000160
0.0000767
0.0001244
0.0001366
0.0000999
0.0001316
0.0001278
0.0001577
0.0001462
0.0001509
0.0001711
0.0001572
0.0001264
0.0001179
0.0001281
0.0001073
0.0001055
0.0000601
0.0000020
-0.0000489
-0.0000665
-0.0000594
-0.0000520
-0.0000668
-0.0000879
-0.0000727
-0.0000792
-0.0000791
-0.0000132
0.0000428
0.0000533
0.0000568
0.0000785
0.0000798
0.0000431
0.0000761
0.0000932
0.0000825
0.0000880
0.0000721
0.0000621
0.0001038
0.0001328
0.0000745
0.0000484
0.0000464
0.0000858
0.0001690
0.0001841
0.0001916
0.0000867
0.0000686
0.0000686
0.0000354
0.0000056
-0.0000113
-0.0000178
-0.0000390
-0.0000365
-0.0000595
-0.0000845
-0.0001280
-0.0000954
-0.0001176
-0.0000596
-0.0000166
-0.0000153
0.0000038
0.0000412
-0.0000200
-0.0000085
-0.0000155
-0.0000694
-0.0000877
-0.0001261
-0.0001453
-0.0001229
-0.0001018
-0.0000935
-0.0000262
0.0000431
0.0000725
0.0000402
0.0000178
0.0000254
0.0000124
0.0000147
0.0000086
-0.0000829
-0.0000393
-0.0000237
-0.0000620
-0.0000609
-0.0000733
-0.0000526
-0.0000613
-0.0000289
-0.0001176
-0.0001554
-0.0001639
-0.0002233
-0.0002284
-0.0001335
-0.0000554
0.0000100
-0.0000388
-0.0000020
-0.0000069
-0.0000014
0.0000173
0.0000329
0.0000411
-0.0000001
-0.0000159
-0.0000204
0.0000296
0.0000874
0.0000571
0.0000711
0.0001604
0.0001528
0.0001297
0.0000763
-0.0000009
-0.0000364
-0.0000307
-0.0000365
0.0000255
0.0000273
-0.0000539
-0.0000582
-0.0000275
-0.0000421
-0.0000466
-0.0000366
-0.0000318
-0.0000446
-0.0000692
-0.0000357
0.0000086
0.0000476
0.0000469
-0.0000174
-0.0000329
-0.0000431
-0.0000898
-0.0000851
-0.0000579
-0.0000587
-0.0000294
0.0000211
0.0000880
0.0001653
0.0001903
0.0001485
0.0001398
0.0000595
0.0000855
0.0000802
0.0000965
0.0000513
0.0000338
-0.0000092
0.0000015
0.0000259
0.0000405
0.0000030
-0.0000272
-0.0000556
-0.0000761
-0.0000794
-0.0000348
-0.0000582
-0.0000459
-0.0000983
-0.0000858
-0.0000784
-0.0000484
-0.0000099
0.0000416
0.0000656
0.0000972
0.0000614
0.0000602
0.0000132
-0.0000318
0.0000300
0.0000323
0.0000487
0.0000398
0.0000849
0.0001119
0.0001081
0.0000735
0.0000952
0.0001393
0.0001624
0.0001201
0.0001066
0.0001445
0.0001390
0.0001433
0.0001375
0.0001792
0.0001656
0.0002151
0.0002839
0.0002520
0.0002379
0.0002019
0.0001934
0.0001911
0.0001476
0.0001394
0.0001324
0.0001107
0.0000552
0.0001259
0.0001373
0.0001458
0.0001106
0.0001494
0.0002333
0.0002007
0.0002898
0.0002644
0.0002748
0.0002426
0.0002181
0.0002242
0.0001650
0.0001102
0.0000603
0.0000063
-0.0000406
-0.0000060
0.0000042
0.0000150
-0.0000286
-0.0000102
0.0000164
0.0000316
0.0000495
0.0000134
-0.0000278
-0.0000453
-0.0000811
-0.0001344
-0.0001617
-0.0001647
-0.0001852
-0.0001543
-0.0001624
-0.0001427
-0.0000981
-0.0000596
-0.0000694
-0.0000932
-0.0000501
-0.0000220
-0.0000148
0.0000198
0.0000122
0.0000120
0.0000000
-0.0000003
-0.0000094
0.0000087
0.0000545
0.0000864
0.0001287
0.0001062
0.0001030
0.0000664
0.0000186
0.0000639
0.0000176
-0.0000015
-0.0000143
-0.0000473
-0.0000668
-0.0000516
-0.0000756
-0.0000935
-0.0000928
-0.0000713
-0.0000822
-0.0001084
-0.0001254
-0.0001457
-0.0001077
-0.0000699
-0.0000642
-0.0000708
0.0000328
0.0000424
0.0000470
0.0000417
0.0000434
-0.0000005
0.0000038
0.0000231
0.0000305
0.0000479
0.0000938
0.0000653
0.0000968
0.0001106
0.0000957
0.0001039
0.0001166
0.0000760
0.0000607
0.0000158
-0.0000419
-0.0001004
-0.0001704
-0.0001516
-0.0001141
-0.0000581
0.0000036
-0.0000153
-0.0000703
-0.0000480
0.0000098
0.0000318
0.0000209
0.0000495
0.0000503
0.0000205
0.0000256
0.0000357
0.0000404
0.0000105
0.0000089
0.0000446
0.0000655
0.0000309
-0.0000061
-0.0001179
-0.0001348
-0.0001429
-0.0001471
-0.0000954
-0.0000744
-0.0000348
0.0000155
-0.0000131
-0.0000421
0.0000355
0.0000869
0.0001282
0.0001234
0.0001226
0.0001050
0.0001412
0.0001676
0.0001674
0.0001532
0.0001281
0.0000652
0.0000095
-0.0000280
-0.0000431
-0.0000927
-0.0001433
-0.0000617
0.0000008
0.0000746
0.0000909
0.0000940
0.0000538
-0.0000323
-0.0001456
-0.0001346
-0.0001278
-0.0001444
-0.0000752
-0.0000593
-0.0000678
-0.0001086
-0.0001337
-0.0001847
-0.0001137
-0.0001338
-0.0001013
-0.0000972
-0.0000829
-0.0000339
0.0000222
-0.0000077
-0.0000124
-0.0000003
0.0000102
0.0000528
0.0000746
0.0000559
0.0000642
0.0000166
0.0000054
-0.0000196
-0.0000309
0.0000022
0.0000190
-0.0000022
-0.0000278
-0.0000039
0.0000493
0.0001120
0.0001231
0.0000658
-0.0000041
-0.0000236
-0.0000038
-0.0000053
0.0000238
-0.0000002
0.0000063
0.0000329
0.0000693
0.0000748
0.0001233
0.0000992
0.0001305
0.0001023
0.0001221
0.0001124
0.0001256
0.0000929
0.0000497
0.0000185
0.0000097
-0.0000089
-0.0000467
-0.0000556
-0.0000887
-0.0000941
-0.0000477
0.0000504
0.0000697
0.0001135
0.0001416
0.0001260
0.0000821
0.0000576
0.0000598
0.0000620
0.0000747
0.0000141
0.0000169
0.0000098
0.0000108
0.0000419
0.0000063
-0.0000137
0.0000123
0.0000617
0.0000665
0.0000716
0.0000494
0.0000493
0.0000944
0.0000330
0.0000234
-0.0000201
-0.0000376
0.0000261
0.0000730
0.0001161
0.0001131
0.0001620
0.0001886
0.0001836
0.0000915
0.0001221
0.0000945
0.0000301
-0.0000088
-0.0000407
-0.0001127
-0.0001555
-0.0001125
-0.0000744
-0.0001146
-0.0000750
-0.0000345
-0.0000235
-0.0000122
0.0000011
-0.0000229
-0.0000357
-0.0000527
-0.0000392
0.0000150
0.0000412
0.0000515
-0.0000162
-0.0000204
-0.0000018
-0.0000205
-0.0000391
-0.0001084
-0.0000946
-0.0000551
-0.0000285
-0.0000037
0.0000220
0.0000182
0.0000231
-0.0000049
0.0000302
0.0000340
0.0000391
0.0000457
0.0000128
0.0000541
0.0000739
0.0001337
0.0001040
0.0000968
0.0001112
0.0000395
0.0000335
-0.0000190
-0.0000476
-0.0000201
0.0000033
0.0000139
0.0000499
0.0000957
0.0000947
0.0001186
0.0000470
0.0000285
0.0000073
0.0000542
0.0000973
0.0001502
0.0001802
0.0001892
0.0001578
0.0001945
0.0002137
0.0002422
0.0002142
0.0002264
0.0002510
0.0002495
0.0001969
0.0000669
-0.0000241
-0.0000958
-0.0001562
-0.0001965
-0.0001724
-0.0001589
-0.0000588
-0.0000262
-0.0000425
-0.0000281
-0.0000281
-0.0000718
-0.0000418
-0.0000927
-0.0001050
-0.0000565
-0.0000078
-0.0000031
0.0000408
-0.0000560
-0.0000385
-0.0000350
-0.0001029
-0.0001376
-0.0000840
-0.0000552
-0.0000167
0.0000150
0.0000511
0.0000404
-0.0000004
-0.0000131
-0.0000235
-0.0000109
0.0000228
0.0000600
0.0000319
0.0000473
0.0000269
0.0000087
0.0000111
0.0000701
0.0000582
0.0000411
0.0000351
0.0000519
0.0000542
0.0001030
0.0001658
0.0001645
0.0001709
0.0001971
0.0002139
0.0001735
0.0000982
0.0001049
0.0000410
-0.0000041
0.0000020
-0.0000096
-0.0000342
-0.0000665
-0.0000930
-0.0000894
-0.0000602
-0.0000124
-0.0000225
